trainLoss: [627.6690204107048,463.34652801851433,456.330401330255,451.1907742365729,449.71370062371716,448.0155596119196,446.8459859294041,445.5420653927916,444.3492353539138,443.3927692153957]
testLoss: [603.424936492612,467.75602843536166,464.66487035882756,498.65768574635814,466.32478412586875,461.8798630012302,476.14274569524554,486.02046616011717,480.1544637281125,488.3833136300402]