trainLoss: [507.7009419448412,463.7349797801756,457.3260168524543,453.25683653354645,451.1743048460939,449.90405597833535,448.7775733960633,447.9903313697283,447.2133860063912,446.5076080562182]
testLoss: [347.70824328524276,325.6888683995134,313.83946452564317,295.13631619983596,287.6617311725491,282.80102070269726,281.60007751066433,279.89119323527905,273.71633393323066,283.5718688073015]