trainLoss: [635.3147260545187,474.6773182604481,467.15887239590364,462.8164002950767,459.6162322931853,457.5249155648989,456.30482224303876,455.16775839772055,454.3838067170064,453.6705196070012]
testLoss: [259.97732995293643,367.3744258193817,361.32453136549407,345.9729939507587,331.4868856396218,329.11177072276297,313.3555051076009,314.0643627713049,313.1068775691932,315.97159406654816]