trainLoss: [532.5846246976387,435.4438219209613,428.9813175494144,426.5073567019955,424.3171100441726,422.47467939313594,420.38496032690034,418.7309755102027,417.64888614877526,416.9974015468571]
testLoss: [504.1389118218145,475.9027624636195,508.09669980545374,497.09088451086086,475.84002309119285,467.213060739082,469.45105411805383,472.6907947720137,472.5120936074229,495.20253856636066]