trainLoss: [592.417182046175,436.943528320392,427.09031291190786,422.34063536874453,419.9923668440183,418.6579443732103,417.78722473279635,417.1831231652101,416.7166193793615,416.34564808654784]
testLoss: [480.52851281198673,477.32087933295406,472.7987045615446,463.61377223790623,449.0751993644517,439.191949165659,436.41159327933565,436.4478769276757,438.2739745848812,440.68067241145764]