trainLoss: [490.57804373606047,444.4024308341344,441.38766166408857,437.1780208788713,432.5214276278814,428.18584848944346,424.0246190272172,420.03004477270446,415.56324759395915,410.486246726195]
testLoss: [510.10969618312083,506.21004196605645,503.9236449531745,497.2092309296131,498.4026145674288,481.4784866902046,474.25867182575166,478.811369381845,486.8197559728287,497.52752985898405]