trainLoss: [593.0422476211097,439.1640281371462,429.29381026374176,424.22263447086635,421.70365739109303,420.3601986678162,419.55759273368557,419.02933976814774,418.61702559003606,418.26858908093226]
testLoss: [411.51916442306964,414.5081744151791,414.29601974398133,424.36339631019615,434.90213697163136,438.59423381230965,437.8163734120647,440.9730986157271,448.90903406983284,456.4428972470479]