trainLoss: [468.00306669407087,418.23099275054363,414.26300597205983,410.1455645170157,405.9258795302683,401.9771551545804,397.9318562107643,393.87164156993634,389.66597186581134,385.1588186530141]
testLoss: [635.2246219469017,656.8662880206871,672.4809180704314,675.0683801291987,657.4161408576508,649.5155648121307,658.6317400525129,677.3749686852098,683.3931251824941,687.5881485673058]