trainLoss: [536.8413904785024,459.00886643351987,454.4471660820612,451.82821703966084,449.92011594958603,448.08641080511734,446.323520744297,444.60768380598165,443.03528290350613,441.48360368423164]
testLoss: [466.58911982102273,456.11186845180316,462.84961711519804,473.98672182705155,470.21440187287635,481.82025797588705,476.2416958098706,471.8652923369828,487.08765666396954,475.00862152783725]