trainLoss: [496.56262653690624,449.046376858327,445.8246480886705,441.5187902744674,437.05627001755505,433.0198609078024,429.2755302405107,425.53269618076916,421.49284819073563,417.1178943607125]
testLoss: [614.9424557038179,622.1874985436755,627.6104739514861,630.141959853529,615.9709161895466,609.6654093448572,604.1211944640152,598.782496471574,593.3858264595505,570.6120693552213]