trainLoss: [623.1649516173235,465.3244053400721,459.7369118813142,456.3726979450291,454.0581860129289,452.8515896074415,452.1434969385778,451.60329171303374,451.2076910089633,450.97073698294133]
testLoss: [528.2173979603818,566.0027067659157,580.4560261311276,619.8540905345764,640.10713044554,640.2326192275754,634.3895367231752,629.0505316342626,627.072767816484,626.0312283900167]