trainLoss: [528.3439196161429,461.5169728524685,457.09105251018207,454.17458061536155,451.73979302859306,449.6020941678683,447.2545496586164,446.36537999606134,444.3738825381597,443.1084456958771]
testLoss: [630.5558462050183,748.9818926804902,741.876734564636,743.3351770071005,774.1198950078314,794.7429477402706,755.9287692105139,745.8754421190315,802.8088172271551,812.1163278652343]