trainLoss: [504.8502890094916,450.13711707933743,445.22526461815835,442.413665705363,440.744466862758,439.5844655210177,438.44661269052824,437.36639656941094,436.71363754169147,435.5783647108873]
testLoss: [539.8451708187349,599.2751572430134,585.9370372090489,591.6095572314225,578.8975568662863,533.7840132515412,551.8063520877622,555.0984534346499,508.1489461432211,495.7057114087511]