trainLoss: [602.5177643358859,437.37444817263463,430.7304361936102,428.9348001290245,427.63741418794933,426.54109791549024,424.8886441144393,423.73662391047793,422.7100956847674,421.6210956829151]
testLoss: [410.05656863211357,426.5875504499244,431.72428783774376,458.25571449116336,414.27864640766813,402.92721548123455,402.2064161282225,385.3267671330688,403.53732028757173,390.19710444513055]