trainLoss: [710.3890485783216,587.9089927351112,460.14867766700723,453.55844184219234,450.55355822956807,448.5221975227903,447.12112599036413,446.1313559950003,445.4069272307726,444.81027259953737]
testLoss: [669.7840776148531,538.8697096745378,563.9939269119317,565.6030702670824,567.5228395902926,567.6238609563137,568.638084012055,569.6375850343827,572.6114526603026,579.5692677494791]