trainLoss: [495.4802684629057,449.0162769554481,445.59890778640437,441.1020843295913,436.3520164749441,431.9636595788903,427.9771675522246,424.09212059611724,419.9868886453586,415.6029042811219]
testLoss: [675.5970631737795,687.3155126305563,698.5971764494266,709.4185079136065,696.350067342392,691.9857045016118,694.7600752798575,695.4150569747601,697.6917881373848,687.0121151713388]