trainLoss: [574.8493454507247,438.70225690971665,430.08727768512824,425.9541974013774,423.89145899852315,422.7916144999727,422.14634088355695,421.68918033880203,421.30528554350286,420.99341085987476]
testLoss: [324.3862256984819,325.44004417766223,328.289620337703,329.2236941072074,341.1391616409475,352.6705470212481,365.006283844872,368.5607397331433,367.08498717383907,364.2387863270261]