trainLoss: [471.62258200977107,418.15670453281854,414.66234262518367,411.09960439136336,407.4254546478352,404.1098474198439,400.4458369246618,396.6922921679151,392.70079090620277,388.3983951638064]
testLoss: [451.94270195782656,457.7966647751219,460.22553317706416,456.7877002015827,443.34359083940666,437.6372658570451,427.32101104625565,415.50910514733926,406.2776849842447,410.36866540655376]