trainLoss: [540.6190854640025,466.96387609771364,461.84623486461675,458.8882998212189,456.96596810615,454.7864160787333,452.9472935592311,451.4582201220511,450.24495803576133,448.7419313851195]
testLoss: [749.3212292814992,796.4701637512015,844.6985466418807,818.4644446277741,812.8902578476778,811.8979192867721,803.3596272821893,805.2682474584309,782.3923823452487,780.1260664696546]