trainLoss: [466.9810814069112,414.66462174948055,411.4194358013471,408.0152110474904,404.60115350898104,401.15620001006124,397.6497518312136,393.94457148694994,389.99345040861766,385.81423091785115]
testLoss: [713.0956177439122,731.2536245746328,727.509193499554,717.1111162330536,708.0915305752628,684.3988629861778,655.7133096896655,643.1706815008691,656.0236332373114,657.8061981284065]