trainLoss: [492.28216144962545,447.1380365336469,443.6409355024807,438.928939587359,433.6358257346631,428.8359224202577,424.539640418021,420.18888642219827,415.4449701806686,410.3024055307421]
testLoss: [475.54334910920795,467.9377426398106,470.89447403680055,470.9395375473377,482.7191240424529,493.6177731966361,509.90589646421944,519.2836793080354,531.8200155420182,544.2872479603841]