trainLoss: [490.89705666985054,447.1476845398235,443.8836114802398,439.40781544855173,434.35207098396495,429.7302506413932,425.69589718198404,421.6666588870964,417.3095056099507,412.6343530549202]
testLoss: [546.6428649941768,541.0867532081022,534.3687273263931,521.599996666974,514.4963818513971,528.2575638829254,537.0700362615698,562.476518442781,579.5176791576889,607.1088747621521]