trainLoss: [603.0713756978512,464.5803447659291,459.9171252981502,457.1485676798389,455.36206172399187,454.3350079555308,453.7594416502433,453.3216832596153,452.97721032476306,452.6812340209083]
testLoss: [390.3010925707492,433.316775587743,462.8729334660552,480.58521272025325,495.7684235063466,507.3528875044801,511.50652786439116,513.5358705038374,513.5713727466085,513.8948918719183]