trainLoss: [594.5962683309721,438.8709726505705,429.0534525282114,424.5490973666897,422.47384298066765,421.33246227637363,420.5892497394967,420.07948618955186,419.68532282333047,419.5232904156049]
testLoss: [462.4545008582393,417.3307835065474,412.38959442912125,428.47429649801705,434.3097147751512,444.93164933689934,443.91936499842507,452.50770408032446,454.44180876603275,462.1218087947744]