trainLoss: [485.179964738898,428.261909956811,424.06086558367434,421.0198578639732,418.6897238541084,416.78812373949523,415.224450444337,413.7704678239922,412.5635310218204,411.3501644226878]
testLoss: [461.085824138461,475.7110733065086,480.2789836052137,478.31057613820605,463.21293815702967,472.19606327246396,467.6724722241171,456.9106264365598,458.16029567467285,454.2116086433809]