trainLoss: [606.4318063203493,460.5523602762222,454.9512680036227,451.67047301244736,449.5403583380381,448.31709023666383,447.59520322752,447.111855336984,446.6957361439069,446.34618757637344]
testLoss: [574.0868209558539,539.3530571258161,480.27135616517626,461.3390052644536,453.7784733059816,450.9388090465218,450.7088279442396,450.31195968715474,449.9499763469212,449.1188535839319]