trainLoss: [622.6599404431704,463.7637279482651,453.89637593584735,451.49604986643226,450.2590721623478,449.47133477763555,448.8756491787477,448.13929983543284,447.11266313387654,446.1514821293473]
testLoss: [600.9581480993061,628.9925780671788,589.6577795978607,564.9838596971955,570.7510130748035,579.4115039640524,584.3483752138972,578.8565605982083,581.5994488540597,582.9181877900296]