trainLoss: [605.7437253941316,462.1932029922803,456.8848950787603,453.62884134356864,451.6548416783723,450.696229981957,450.0543998500022,449.57650143715244,449.19176951873425,448.8619715569851]
testLoss: [497.3208329316199,488.96432397074585,487.9692746992186,488.19434027056997,494.97439135833986,509.63488930956584,517.7793723734345,522.6862761570712,526.4088141521601,528.4942337898758]