trainLoss: [494.23718827471214,448.9531305063951,445.0773161313104,439.94666712924004,435.06254223503436,430.9564902046459,427.25466102013735,423.65931156474323,419.68098512654984,415.25415255628565]
testLoss: [603.4101727014964,622.5365749824907,627.2835179524324,637.6127683889006,637.6548858991604,646.8708117585821,664.17315005488,679.3969472035304,706.6934107717165,717.1088995233024]