trainLoss: [470.82208493125097,418.39067111099797,414.7287181922457,411.04098535006443,407.35883461865853,403.75365286924705,400.2321918189056,396.25293234921503,391.89484623864564,387.45414244111754]
testLoss: [610.0030500890953,637.1321053582643,648.7839965192335,649.2872630219374,636.121098763815,622.2919105011438,607.90546369063,594.4343325074229,598.1021788437452,612.5680699150477]