trainLoss: [583.145145582089,464.1849374670995,458.8155187618701,456.2052738062666,453.8387432874344,451.8482697915843,449.3278554911063,446.6608228390924,444.19397399040656,442.62898747110614]
testLoss: [584.0256679353752,576.3214061673232,586.9753191738616,592.9995285920271,581.9092249706035,548.2470103577366,540.1676758903218,564.2981948918246,609.5176528241691,601.2444241248717]