trainLoss: [581.7632406404012,460.3267749314859,453.54395103360724,450.0266328588558,447.7272746633357,445.865556995074,444.60807248034814,443.6613804472713,442.94824767863656,442.44914967650817]
testLoss: [488.45521943803345,495.9873573860952,507.4757193518536,517.8074496871659,566.9718715697527,584.2751212539417,602.4930882258075,623.5527234124286,631.5837223932147,633.43543354507]