trainLoss: [470.11830280426267,416.7801751086954,413.329716835171,409.6158128560055,405.94374213918735,402.33158428206417,398.4706367709053,394.5134621509351,390.4219946240385,386.20427536731586]
testLoss: [468.0187623611116,471.7817495078083,477.8807136385929,474.3808861914582,461.11630666889545,458.2911289519682,458.9432324241466,460.36491561381837,457.30149731368533,462.21947319301097]