trainLoss: [630.4680235416163,465.55749625572935,459.09294075115275,456.50913177748834,454.8294227204751,453.5311345950856,451.92734929251793,450.62930437899195,449.31412389183726,448.24986751494]
testLoss: [649.887057831081,494.9835833689341,474.17087243803036,470.96867985249713,476.25952002186426,488.6723899088609,476.8390536013131,474.71697849980916,481.54188560656246,485.1775853315798]