trainLoss: [580.8155717020059,439.1746507000983,430.1562855561175,425.9409843724427,423.88846272589575,422.7769429246385,422.1104403693023,421.61781054345806,421.2111003008769,420.8803480360376]
testLoss: [322.53887707958546,327.4530770542254,326.1634786810194,328.92000224234016,334.4362251272327,341.28432720384205,346.45242118824245,344.980611112669,339.01787094570193,332.2064293337832]