trainLoss: [503.1735995442129,438.58316957315213,434.1166714718045,431.54460276875096,428.8087435248237,425.99504675946866,423.09621478851676,419.0182669119635,416.6463013932033,415.34681593751543]
testLoss: [565.3869926281446,482.76229626252206,470.7822480198256,488.6594310420197,509.39277502028057,516.7107225368883,523.2523611111696,508.2962379904334,510.50700601762117,518.4581175687355]