trainLoss: [706.031323842782,462.47459939533536,447.4560588408106,441.7394778893795,437.6148193277574,435.285956344412,432.6036814674735,431.3971283727636,429.2915816339664,427.82976579371217]
testLoss: [726.6203038799457,561.7827108204365,520.3570523875264,461.82161839631124,452.5401218297581,469.38612506433554,472.8207827428213,496.88359994097397,465.12753358063026,484.41299777640364]