trainLoss: [601.6593933127405,439.2397168084298,429.2334845982832,424.47882696252486,422.29134634212795,421.12795836580585,420.3917207965996,419.8810978883565,419.51652874241626,419.24685599862926]
testLoss: [482.3695708009046,479.5982243604092,505.4519309578247,523.1127748094326,537.8874904478705,553.5101851458813,563.6252888621286,572.6826927247782,582.8757435294777,596.326899033473]