trainLoss: [710.790814532439,598.1372383402189,473.6023398176034,465.80610007683435,457.5448072949251,453.8414914034208,451.29892318646114,449.36606664824484,448.14923322606086,447.2411945918401]
testLoss: [672.9606580883265,547.1044433824718,544.0908154160716,637.5841029556468,641.9399738097563,559.8788864980452,533.1462520528585,538.2576667843387,530.7412669355981,529.0848577530123]