trainLoss: [470.46393973488904,419.43364162990196,415.9431942293991,412.4635425557443,408.76631707447257,405.3348386466653,401.64614784425527,397.59536750996534,393.879948109613,389.55904761458464]
testLoss: [290.1530241532759,321.70436042208564,369.2454812356017,323.4769568464973,393.1677222642032,413.34553636231203,370.23580983335324,514.357517458092,399.93365966555746,448.17511201297697]