trainLoss: [467.07828300619127,414.8632815543016,411.41556454706193,407.7894906627337,404.0877262904644,400.4354976488749,396.3692563179334,392.28754221224784,388.08969646803536,383.47564057564733]
testLoss: [458.1904381890781,459.9642682643607,457.33667143411003,448.18535640556365,453.87590510374866,448.5102807090152,440.1852769893594,455.23803815990686,467.5749082536204,477.0957448986592]