trainLoss: [469.71070454977263,419.6724431525972,416.23327331170066,412.93608389839756,409.1938428595737,405.84746982584045,402.1455074998377,398.00826981970715,394.0768206654182,389.68098053628177]
testLoss: [286.6575359063489,295.93901013089976,330.1793747521881,288.7990681627079,332.5945300726514,337.5669752370594,299.3607616678889,395.41842957703693,291.8359540007392,309.3994679749012]