trainLoss: [603.6435578381643,462.5969203123823,457.3291862872429,454.0474030337452,452.048648655725,451.0412130057812,450.3627744926295,449.85987459899235,449.45922765880823,449.1380010379944]
testLoss: [458.9976657469972,451.1842352306136,446.6861216291212,441.2407818198777,441.8585081991668,450.64026294027764,456.4429515998524,458.58127411225666,459.5506914939063,460.51320366485]