trainLoss: [578.7840620218776,465.5985450522664,440.8323642207154,435.63593737835373,429.8358353552564,427.02460101332207,425.8884113226862,423.87892290297896,421.673375718606,419.83173466923955]
testLoss: [397.6914537272115,356.5274154982698,361.6613169807618,473.1403338688565,425.9072391653624,440.7632782914507,521.8342377670168,491.80940903218715,493.4131976835371,467.1496723022048]