trainLoss: [590.0709367455717,468.08922886916525,461.43509285711696,457.2820637992342,454.1569466111321,451.5368627039763,449.8463512667393,447.95575659786385,446.35987320217083,445.3544394441214]
testLoss: [579.7119479896718,644.3959938405558,691.8820929139159,692.9612874315922,716.9633994913379,717.4970231655725,748.6020096963229,774.6123972698007,803.6876039113416,826.6057845388734]