trainLoss: [591.5096107736305,473.2246876324541,468.9301017545276,465.33327939342615,463.60137397560044,462.44750395596924,461.5662846816844,460.9820922115939,460.3923841779256,459.25197228055504]
testLoss: [322.13809157393194,358.46117160239004,359.57976447154175,352.6240341110663,350.25824890353465,343.4438570629467,339.8694006602872,333.8526249327443,333.3023797165264,328.093478760936]