trainLoss: [549.6249148524366,475.1301836780428,467.7602125773362,463.22112248372287,460.1010055408503,458.2371389644686,456.0153244275134,453.60306199042435,451.9443945104722,450.08031506432843]
testLoss: [507.8075560279718,455.54100006537175,606.5743468971702,631.7303806158501,600.2696374509278,616.5990306777278,634.676547164992,520.41803349754,571.1637420283528,587.0616857658221]