trainLoss: [559.5282923258728,430.24200357084896,423.5871586372804,421.5079139542939,420.2007101437255,419.0477613048937,418.05428491854786,417.34107636154897,416.5380501442369,415.9574090061176]
testLoss: [303.52740047167646,283.5440437831662,303.1131657128984,301.28432450836357,296.33956665613437,287.7694994604046,288.09684941551905,282.7578273559158,291.3437454348261,290.49368531053716]