trainLoss: [611.7998240924883,465.83674167882737,460.16774479329115,456.5553827482884,454.148680488425,452.92568981600556,452.1543788323252,451.5502723866873,451.08588309456985,450.76308429397625]
testLoss: [557.0381099286042,552.9752983676167,565.4300848668016,591.7741993393485,597.0925851600376,590.4410750171331,580.6833988395263,573.493292518488,570.0492451083003,567.705511150867]