trainLoss: [492.2359492949505,450.4577529073211,447.01981348757766,442.721683257339,438.03738127506557,433.72464846246805,429.50369760918255,425.2249848694358,420.7714874292139,415.8425960081756]
testLoss: [310.883720573402,323.04370408533214,351.17632093084484,309.5844525002447,342.62634876269595,377.58258184006337,288.0428033108102,387.83335624825685,296.4532754732702,336.2727935385883]