trainLoss: [555.6725565947572,459.1110273649686,454.25077577134755,451.95290473596316,450.0491017542799,448.49432056766796,446.9096541084017,445.6818026748542,444.4858154934535,443.4902070881188]
testLoss: [431.4037275989141,453.43039741090365,493.4411753281951,526.155175752512,546.9715122148394,589.6576676311238,603.7875172808766,646.5276313807283,699.0948034607939,738.2139654474599]