trainLoss: [520.0902741631667,437.8351154207389,431.85005597543716,427.945806434234,425.49005161682766,422.7543066249688,420.4356767267386,419.547025818189,417.83800677601494,417.60293678387006]
testLoss: [445.9725675738805,499.79443068516173,606.6915544413573,569.931716530923,529.0501389363349,497.67704548602865,519.3380901839165,519.3055402760868,520.0682527728823,458.13275832194364]