trainLoss: [496.294426169677,447.8313146417764,437.78841814473645,431.8208789758047,430.09008786846044,428.67409366264417,426.89325088607006,425.8556840371846,424.85495894832826,423.91169484880703]
testLoss: [718.8589759581071,390.27939447043536,362.42462421471913,328.2134512113897,474.16982010835994,443.5675504467541,439.50204246272716,416.97061777809506,411.791084665553,401.2871864920944]