trainLoss: [551.3488213124887,439.848117514022,433.19790259647607,430.07191194182064,428.76716356645875,427.6359578423464,426.6942515892899,425.7664916413513,424.1577499134457,423.46019908231705]
testLoss: [366.1495473927125,386.1853848542262,449.3029478317813,430.6669403888229,407.26881565579345,393.34532765909694,400.57264817399636,385.1963192782456,383.64231279458767,368.7902404625613]