trainLoss: [605.1600379774413,439.1202509923635,429.544372910246,425.133211485323,422.9818126193914,421.7614640706233,420.9712003982309,420.42613564824995,420.0175498071207,419.6935496369594]
testLoss: [396.1505429419046,366.4373546247323,369.706685113999,369.8962066466968,368.8669444823388,370.2960535779442,374.9560697915935,377.12480902810074,378.96488382367744,380.5118048484485]