trainLoss: [710.7717699158986,710.7573407785097,710.7548770583471,669.8199870394071,460.174722126325,440.60886815444627,435.41294227902097,432.7861707024574,430.54129982193314,428.38179575427375]
testLoss: [667.872571188093,666.4515110972701,666.0254865213735,213.69136678659362,659.5778126937664,656.0912472041238,551.7861725107723,623.453200300403,560.7749279030901,531.7968006378768]