trainLoss: [597.9530678415418,464.1184291820131,459.65143109820593,457.0038412239534,455.23488230823574,454.15977466832754,453.4990579459685,453.03822497050066,452.67208942523854,452.3668708331771]
testLoss: [332.8723826952895,354.08178938185813,364.6624023119982,367.5500562443097,365.9962841831428,355.2231662812314,348.21576102795007,342.6474544844009,340.751037830809,340.4926914476362]