trainLoss: [575.2799944245816,430.063890136083,425.5593536117872,423.29027603411674,421.633411974589,420.13613683478036,418.8541411005656,417.52581854232153,416.09396869119007,414.85947536349295]
testLoss: [469.5260642177891,484.6197124926839,429.02521634311415,467.8777147734072,462.53042825171724,433.13938281149603,421.8829344625119,423.00805178214796,429.19750064774416,421.0061098274309]