trainLoss: [597.2912230072371,439.0140089226833,429.25928440056447,424.68472099257264,422.5878746539276,421.492249547653,420.7927183186601,420.33958831327794,419.95819749497366,419.8148646669125]
testLoss: [528.0097822231905,509.4429036634309,522.7212079274867,551.5629535295069,566.8408187212689,586.1175581404141,590.4902287734407,605.2781824868705,611.9574755857034,627.2359963154154]