trainLoss: [468.9610839470238,418.5998113199993,414.897097902779,411.07947264021726,407.2171197796836,403.3567320318694,399.7718704617417,396.14227259386007,391.9660451384214,387.7715720631901]
testLoss: [426.3774603568402,433.6000317080119,436.65235368108625,436.48141994688314,437.45441132077235,431.6625717188587,440.0238648719087,446.7326282103037,458.1856851345792,453.7873834047428]