trainLoss: [610.221088628781,464.4818537068095,459.33844526044004,456.1222251640056,453.96074043668165,452.7785557901799,452.08917904459884,451.61054520490507,451.2449849539148,450.94379207680976]
testLoss: [487.65919969899136,508.43502290393275,518.1575165370998,527.0167025072673,534.2685032576015,546.1274850483715,559.1464557546316,574.7209809102962,587.6859944863725,598.7265003432625]