trainLoss: [617.326731555144,460.63101532522836,454.9006295324961,451.6037540956338,449.50158422676725,448.36515215937294,447.7212609519959,447.2441615219911,446.8637587811152,446.5403408883413]
testLoss: [841.3627027750805,764.3537204861641,778.3613080465241,793.9864820628766,808.9011437442919,823.3771179845396,833.8306047553258,842.6596036425095,848.9931509403993,855.632763753861]