trainLoss: [522.0809606566801,464.9514766473267,461.35873464169214,458.6066384393366,455.9663877547087,453.6060407591525,451.67704419125266,450.14429530815863,448.92307150476245,447.93056883075127]
testLoss: [450.78284445919775,443.6465594917536,456.58650075251404,422.17471522499216,413.51336844644766,391.78656951161946,414.0618666806004,421.2132151140408,450.0806095583872,474.2604961774566]