trainLoss: [540.3083380653163,448.27450593109205,436.7599301702707,430.7892429037044,425.87205544606906,421.4695408822983,420.10431035829026,417.99325553325843,416.79611073516486,415.66866600857634]
testLoss: [654.9137187663998,470.7227232905371,475.37234851654085,497.5388473891786,414.31038893461226,415.887297525044,412.8333884468036,417.8986235748444,420.2720322409911,440.577200847332]