trainLoss: [494.9926727622298,450.59589910799235,447.79790153448005,444.0268391803581,439.23398719226293,434.83793848678096,430.88994145370907,427.0957002532692,423.022233663417,418.4696979148304]
testLoss: [444.72526833130553,491.22340809269383,540.5523907208984,502.04786242111163,552.8490646234967,638.527592987093,538.9206128564748,754.7490553479303,652.7298979493705,771.4770922265269]