trainLoss: [611.2806631229719,437.0933720193704,427.0911299878756,422.09095043643316,419.6142693947156,418.23901329843204,417.3992312886715,416.8116617654165,416.3736336797873,416.02206771938006]
testLoss: [679.5923234338792,696.534411693843,679.6063064844009,663.7259789162518,654.6507664103776,658.5995341567015,666.2671614261652,675.4606814771298,683.2498390755511,690.0062256788971]