trainLoss: [639.7362798099894,469.76067786705374,461.9699358987778,458.60827229644747,456.88420164683447,454.976781579368,453.4661027027417,451.21230497162054,448.95949412723485,446.50283284281113]
testLoss: [627.1620704386123,600.123650301681,615.8431791999312,619.8449860225584,681.1009519959605,689.2033365736174,617.8573587817508,612.0801680029132,632.5710438850314,673.6636702678231]