trainLoss: [499.21733194196287,437.02728728564256,431.331538562696,427.55079022829,425.2323870860078,423.75881996743266,421.8420634917953,420.34658226877605,418.8159609756948,418.15140725543654]
testLoss: [361.53381683439324,484.5259267297602,470.12933995367325,408.7168435199359,409.6100190432416,408.8878593807368,417.3406216735692,432.8863348386337,450.91841176582363,427.93399279971715]