trainLoss: [658.4594348830188,442.8649560191187,427.04652805419107,422.8339590395842,420.2541846273139,417.37077751200343,415.8827965578695,414.4610543296406,413.72435709012774,412.96550305637476]
testLoss: [420.6315444294862,407.0370023827853,402.97121546916134,409.53647180359195,430.41722067932443,383.6096125111336,395.6096610699113,372.6591843692806,406.58106422166185,397.23596017027467]