trainLoss: [647.3138802627253,444.6855976888201,435.5446894847815,431.3382188763831,430.3004753897822,427.8321623515895,425.1136989200835,422.4875299932137,421.1893631121305,419.70218168390704]
testLoss: [619.8423402315804,467.37797216262135,490.96244289662155,535.8040840374572,493.93910637572407,481.2990605553346,479.703653553554,470.93498668585505,452.92916312771183,439.14951363993544]