trainLoss: [591.381587197849,438.22783087768283,428.21152825350873,423.49887618158635,421.39953129420365,420.23810838737216,419.5589390890673,419.0709190580528,418.67796842133004,418.3440237850882]
testLoss: [411.34878148840596,424.5941518362707,430.81443778387245,439.70755512768835,447.89018745973516,447.09480844636283,446.50402846698387,452.0243010098497,458.64679425047376,463.03339285914524]