trainLoss: [495.1268873203596,441.4450875988007,432.9627765127818,426.96130369885765,423.8625820747217,422.26803688104945,421.1280283638636,419.34707858181,417.90350993617375,416.27916548117]
testLoss: [462.8921065807808,424.3784096199088,468.8960108316969,493.06427179300226,525.9868900780566,518.7919514616951,480.0327368276194,451.8085887962952,430.26664766669273,435.57547463825904]