trainLoss: [490.7931018603507,431.72720136924005,427.58192178906506,425.1424642283114,423.74186255883933,422.1684341647817,421.0513413353781,420.8471692717405,419.25997848958525,419.0909601236558]
testLoss: [362.48805833025415,400.7322917206721,412.11002475890245,407.71082684912466,394.8311527645046,389.1357662330974,374.72899436354635,379.24149744185536,356.7089363997633,321.1978127853437]