trainLoss: [470.0401586530109,416.94829191849567,413.46902206283994,409.67904469060403,405.72067758021876,401.8595665403797,397.8745716854464,394.13630297213484,390.18722704891115,386.1763238517257]
testLoss: [466.4640791551807,474.48150369907034,478.93605082501205,482.51688188772937,480.4460247265987,492.10864822222635,498.38350248451417,504.015588095937,497.91218830645084,500.60893727838993]