trainLoss: [489.84894379711153,444.4183696674506,440.9875566988786,436.8503048806985,432.0936284778118,427.9549898938338,424.0474713243643,420.23441865523654,416.0928158253034,411.42738079309464]
testLoss: [922.1354501277011,937.832443045662,912.1110683908526,858.0832155003453,808.2202796892615,748.7698382865514,712.802548267194,719.0115464613928,728.0905265141007,752.1066431553159]