trainLoss: [590.4156477938717,440.76106669412303,431.5729783093557,428.9038826197696,426.977757585623,425.17391035271186,423.58287344818626,421.98653794902685,420.64637097669765,419.6010715653344]
testLoss: [431.79126072446195,421.7946061581139,416.5882416191533,406.32059828221327,407.04516522645014,400.4493427281305,410.1834232802466,417.96561459974043,421.3693407037127,429.0411046046441]