trainLoss: [710.3206014099121,467.8610641232332,451.6668871377309,448.67389499926566,447.1939671012561,445.86788245868684,444.6312432868481,443.68081524848935,442.99338766972227,442.3990080392361]
testLoss: [469.0426465028169,737.7150346364407,751.9210024795785,715.219702791694,736.5439642154618,661.0104867654131,670.9117209860032,680.8027512385751,702.3666047378881,711.4407960022522]