trainLoss: [494.62251164026674,448.88320117697197,444.9734525513377,440.1315047993575,435.53025032042854,431.2196138707666,427.49028917768885,423.77651574201695,419.8728848241156,415.456129880953]
testLoss: [827.7383669923212,861.0503911999768,868.5545885777751,862.6785259721584,855.2436106652021,862.7426489005949,894.7310249077719,940.2851129437602,1003.2452747218831,1057.561736947402]