trainLoss: [599.8486532424458,464.44479498214224,459.1376019620956,456.0000338648176,453.99676009770576,452.9014504129814,452.2566246891082,451.8033994069408,451.4787556472315,451.21004066128415]
testLoss: [576.3220002524728,626.9021695763912,663.0069499656904,694.7425622666298,720.1998904858564,739.7516072343948,760.848695240395,781.8772291409415,802.0504544588715,820.1461144659755]