trainLoss: [510.02367816446963,436.4836116085841,430.80971988808767,426.8906012011638,423.6019332620103,421.3486248714717,419.1434739544949,416.9615906165654,414.18961829306886,411.98193493759226]
testLoss: [351.902980375243,364.4822422021956,365.08268303359586,369.6799252396963,373.22814526590776,402.58573956494257,405.54783569241135,415.21938690848236,426.48683329853486,426.3328814682529]