trainLoss: [611.922203826745,477.4596459990355,471.8661724127215,469.4806143670677,468.1700913378417,467.3426506047392,466.7517756533649,466.30319912788065,465.92857750360844,465.5966996735746]
testLoss: [826.8663575311386,850.9509598668232,840.0704265552205,831.4494383945022,823.514712365041,815.7099829957235,807.8051536807487,800.5326118554141,794.458188324127,790.3285740516907]