trainLoss: [516.7036872310885,476.81540407161606,472.56871086502895,467.92675858715484,463.8789851347605,460.57051495430113,457.3145210257207,453.84280246516755,449.60116166945164,444.7283155707792]
testLoss: [824.7789262525546,779.3136822558366,766.8843394181667,761.0413610675396,763.4481041889924,769.1904687476464,770.7473362007967,763.1322737122193,771.2648292458974,799.7339979456021]