trainLoss: [624.2921647890772,512.9734665375776,477.4112703165658,463.4662566691438,460.15286924379706,458.1770907450625,456.53182970189835,455.1395401630742,454.2120711332175,453.2984992607532]
testLoss: [766.2247353706164,797.9382815591454,568.5249162465334,564.4828659299876,556.2342560969523,547.8277145592668,551.3636578723942,546.5329029547031,538.8687475088639,538.0320527369983]