trainLoss: [690.6317752334216,494.9899478878635,478.7188478465999,476.0814220608608,474.5438224150237,473.34719137100706,472.3536260258116,471.4971014360808,470.755748278646,470.0676377709034]
testLoss: [623.9689991142332,662.7554536707622,705.5778985247784,719.3398221150885,725.5785478906533,728.8062629696059,724.3719791348294,717.8398555913345,710.5365408039507,709.9862178645106]