trainLoss: [683.7935114043883,490.9786899877691,478.6742373972789,472.9025760071716,468.17613018011224,465.3672552778118,463.4000222585667,462.0397669907959,460.8173836549808,459.98640200523124]
testLoss: [744.3261809410072,618.5763915138921,574.757451757202,614.5450316179456,561.6806636799978,565.2861119330398,571.5082471835332,588.4533122210053,599.1518581326552,617.3915914761739]