trainLoss: [565.8869048486065,495.0717824442046,484.4101247708978,477.80073348599086,474.134060026213,471.3475759708589,469.86797469049424,469.0933652095763,466.8745885031697,465.67178585280533]
testLoss: [559.810116573496,560.6587135268558,639.1934216629742,534.0535489966098,508.27064430624023,500.16880465763853,347.3436289875579,438.480933050464,441.4581050689059,452.35986216579164]