trainLoss: [516.8756717627076,476.4548399425101,472.08433768817747,468.03414655033197,464.20568737360253,460.7547083462107,457.75344346398595,454.04524284066827,449.5588810041033,444.24779198197115]
testLoss: [681.1593212490006,636.6885817248052,634.5283593277293,648.6433945040064,666.4899562564422,683.2897035906634,698.9405012801876,714.8440875105971,761.2621572177242,827.3919723123078]