trainLoss: [613.2117011978023,483.65052523284123,479.6613293259308,476.80169964980803,474.7367929592215,473.2738854506235,472.03020338573674,470.92733010855216,469.9126155773799,469.042542021302]
testLoss: [664.5324034061957,606.8828832699558,665.7710117838515,719.5589805986938,729.5754338164968,737.8808090775971,744.9489752251333,749.7264947079298,750.8466257626616,753.546081782326]