trainLoss: [516.3819419273603,476.1780013665041,471.622347547606,467.0932748655662,463.4058239836478,460.2044034330454,457.1862565491684,453.5730616398689,449.5959812997395,444.56015883933316]
testLoss: [835.1537174619734,818.2355475760996,840.7161514358595,898.7781992224045,952.2027835124172,1003.0610175752081,1059.2610004949383,1112.0459881899878,1203.0636516977102,1306.8328287415206]