trainLoss: [501.3323699400414,462.70826486090317,458.64949045087667,453.5703099259879,449.0114251797111,445.4820593667774,442.0565006933229,438.3806594529686,433.8867266123069,428.6903936101713]
testLoss: [564.6785990039352,569.0844590626657,577.1901697623543,607.5979176573455,631.9557397386525,658.8323767923284,692.1014250700828,727.669600000605,760.9139467342757,804.2049299261998]