trainLoss: [603.932956047151,478.0535953982708,472.75189563837074,470.37623219759365,469.07135820224744,468.2311628408935,467.6140197840169,467.1184363123884,466.7060024677477,466.3310900574567]
testLoss: [447.2991359490369,418.61432900343624,423.09672623787606,433.08700475777897,445.7421572825738,459.2023003884724,470.54822224059274,477.12954387569,480.2030520820192,480.64750082013865]