trainLoss: [517.492708707827,479.0079147047363,474.5795528244094,469.9730406722852,465.8394380827834,462.7188786956748,459.29820401693826,455.43308840552345,451.0966716563063,446.0458489730954]
testLoss: [535.3636285767967,524.6602801140538,551.3556223221516,572.1550220575996,597.9901954262776,624.3575302231357,650.5761468231229,671.3873732086635,705.1869606934767,750.0020994251608]