trainLoss: [621.1243861287489,493.79595526415727,486.5358207223744,482.9034653401238,480.8343626937647,479.53376493536194,478.6731124621013,478.05202869985294,477.5704524435531,477.1741679962339]
testLoss: [629.0405268473789,711.8233037974494,738.2362384922707,755.3137255305281,762.3457627249165,765.6903966308022,769.4550663222296,771.840038249293,771.3883472152102,768.392341513712]