trainLoss: [516.1570001654069,476.21156381906866,471.73524754929764,467.2045167023122,463.36982296341836,460.2402238072892,457.05286470970987,453.7099457468502,449.76876317539336,444.74875068595725]
testLoss: [474.3521165504361,482.23617216135494,486.28641452536675,498.45525112274464,508.88805369865025,520.6536782754968,526.9203948593693,533.428650676612,552.3662314914314,587.0243639073625]