trainLoss: [532.3809290755916,479.8221626877785,474.21851281664516,471.04144125882914,467.2530043994615,466.8619749867998,464.5055817784656,462.44093099639775,461.2526287601902,460.4855949713276]
testLoss: [567.0954458643283,501.2041893738721,569.6530354488109,540.9098165994244,528.2587963038258,563.5381610571274,526.8268506751529,526.2187318614551,512.3294463167233,470.0727287761867]