trainLoss: [607.7615630741099,494.545924293343,488.15218755942107,485.2698919685291,483.0967275986581,481.73798796574454,480.8795598217818,480.26120287199905,479.78917745248015,479.4248475031262]
testLoss: [532.9915993769366,509.1667021158943,521.6118245530397,537.34587384245,533.1933580194425,529.7372903333122,525.7099871740753,522.9022912946634,521.8684211679196,521.2790511367016]