trainLoss: [504.52211411623284,464.50074964149724,460.7240050723776,455.7458402417334,451.1831696640833,447.8819953112065,444.68131255258675,441.11628254942065,436.99490081818243,432.2986627193168]
testLoss: [369.1321519679644,378.9312790904533,385.74536711167207,381.593278142268,383.12510451376437,391.7319046131589,407.9823681808331,437.18366316611116,464.5739557656375,493.4424189341339]