trainLoss: [529.6021439397472,479.0638598908638,472.02140711038965,467.43451987847516,464.6930686483438,462.05245493328437,460.4122023161115,458.9358644976013,457.7029217271284,455.928652793032]
testLoss: [682.5654250317671,487.8007773644342,558.2665738594814,606.0892049632673,638.6895000254075,627.0416208050383,657.5114904365201,655.321918012589,671.0004095984256,672.3507237087084]