trainLoss: [518.2861354515777,479.4504057282428,474.5658669972775,469.6878569119294,465.8514500854349,462.77821249466973,459.7201618516664,456.4702049327006,452.50205326018806,447.9427876147108]
testLoss: [593.355347417295,570.1930244330849,568.409389048389,577.0428329908422,582.6557934667383,596.9065125713391,607.3012430646589,616.4296135112643,625.3940198337393,610.234186708182]