trainLoss: [568.1877669632847,494.68219786393723,486.386473343499,479.2361743530693,473.12111483331915,468.8884978505673,466.8863722964192,464.3369522578584,462.25479614989314,460.5698283797874]
testLoss: [940.7502049217001,1001.1413626051508,819.2183521678671,773.5488852323033,777.554433977697,892.8262403188273,764.3973418790847,805.7931322678924,782.0544573296793,753.5758207608014]