trainLoss: [627.6451746741429,497.3652719752778,489.9121240735601,486.1298820836418,483.8776948184732,482.44742965896467,481.4578924523581,480.7342484756757,480.1755718158199,479.70398194117286]
testLoss: [584.3693758676371,562.0361386565712,578.9629660028172,596.7858421516231,610.6110528951555,621.2693185942379,630.5986476751763,642.4035827184287,650.7822928043801,657.8894774322434]