trainLoss: [621.1601048403787,497.90539184520276,490.84952117851293,486.8378404715876,484.3842630445137,482.788439811438,481.6825039835151,480.87206008955155,480.26904978794516,479.77823568696004]
testLoss: [430.37054798070875,429.81136690090807,435.8216672118221,447.43055269792677,463.13545948586295,476.9145453259349,487.96010457820125,498.1073612265289,509.7272061731134,519.0081076344209]