trainLoss: [516.23823319797,478.15837287849735,473.2465269858959,468.4427006337584,464.39273469339236,460.82760608362196,457.3400193193973,453.29661936125405,448.7257474793623,443.4016017235467]
testLoss: [918.7191317996313,875.8300783239132,896.590482247257,903.6958455160953,914.6796143301004,930.7358387446161,955.8032940655601,980.303814294813,986.0603304893472,994.2603069720573]