trainLoss: [518.7290136724574,478.8059814128717,473.752867544668,469.2035018567919,465.43668684048936,462.4020379128943,459.1146217382966,455.46962958546953,450.924624036895,445.7784098267829]
testLoss: [773.194011384108,728.8977762038313,738.0669888905653,764.8953836912245,783.6916841700321,818.3861382758523,851.5130162858587,892.0916877327942,909.3467715912916,916.2169958587707]