trainLoss: [606.2927189563883,475.2897072826309,469.5955706477165,467.36198892607086,466.21882979225836,465.46993748867646,464.88645213239494,464.4340405101749,464.0828292777484,463.76755026037665]
testLoss: [443.64741777669724,535.6689112106646,539.1561393446809,543.4197023417067,549.1209695780371,546.8197289442453,541.3873596702973,537.0792492538925,534.8849076351781,535.9260377001575]