trainLoss: [610.3058707104332,493.1137370315091,486.3976006069403,482.8490104068285,480.76387638723713,479.44612007093156,478.53390784243055,477.9010845528252,477.4110477125508,477.00776700411717]
testLoss: [486.48622286132,526.2695262080102,552.3732695668701,574.9151541665783,589.8277681512157,595.7051970606714,599.7702469778811,603.7905515958005,604.2109265538651,601.2440033775615]