trainLoss: [502.40233466453964,462.7554186129889,458.5658720426411,453.0993683085941,448.6723963239942,444.9898494077154,441.23119059842253,436.7432518232373,431.68210471539294,425.9484822248297]
testLoss: [878.985812253557,874.8267750615297,892.911779609877,906.5945762704279,915.7254388798461,921.4719217099076,942.2272091314717,971.6383532458959,1008.9748029577178,1013.2419613661287]