trainLoss: [617.9074667448045,495.6677425574245,488.7852628888296,485.46760938183536,483.82515939990327,482.3837779441715,481.44064104031503,480.77930034843405,480.2554057096131,479.8431891320007]
testLoss: [624.3285452701829,626.3624225532467,641.083929755471,652.7435997935859,670.0238037133759,666.8438375092366,659.9227336645126,653.2829179108143,649.3978330842473,647.7431189970537]