trainLoss: [610.9814610673337,478.7177426197797,473.08382115677136,470.61316196989577,469.2238411852116,468.32724639199193,467.6824235786265,467.18092338610955,466.7716286597312,466.4154228431369]
testLoss: [480.58215207518555,477.7549290046917,488.4337905068097,505.4829947047346,522.037225829804,533.5355559338735,539.3046900259228,541.5711115364014,541.8387824756893,541.8447283464154]