trainLoss: [517.1932213121905,478.2584190031468,473.33308865033706,468.53409683126915,464.73452340999,461.64513976961575,458.30731917894497,454.9056936992967,450.91894639149007,446.09290091331656]
testLoss: [591.2051294221706,569.7758712462851,592.4641716157653,598.4838303647091,607.5079853757447,622.0856687057111,644.4411181056315,668.8957799756804,691.3457477929973,700.214913446341]