trainLoss: [568.5004376434537,477.9422795559489,470.61694731518526,467.31679185255865,465.6029129208196,464.37910064497345,462.8156015456121,461.74676570654714,460.9160419794791,460.15934470953016]
testLoss: [606.8292933275404,560.8191506300391,515.1768670539881,483.43638174128284,437.9558140945803,461.46882415294033,480.84376000313415,482.140157388504,484.173663328757,492.2293201807848]