trainLoss: [518.0957809246278,478.93094317335635,474.84308412577957,470.22245942847803,466.20131397832716,462.6621201684299,459.50747788411434,455.8355782198986,451.9250855839678,447.44228314461986]
testLoss: [719.2534756548025,695.4393117364158,745.5760910379615,801.2506747175347,869.4792097433046,937.0234224899249,991.7272708831863,1053.6726427365434,1118.0371386949312,1192.8955785664646]