trainLoss: [589.8912512128678,498.36070749865667,488.09977859169175,482.2656497775682,475.71374778673226,471.02270463184726,467.81158912959603,464.5084643067306,461.62464014569827,460.0075224910542]
testLoss: [620.559380175262,869.4287184618956,651.8127655082981,682.281920991986,642.4439761993901,719.864345231593,669.9389969872323,614.5721713565043,628.858015453776,571.270184755128]