trainLoss: [600.0696722721943,485.47126544382223,481.9922196008179,479.2402639143324,476.60382419143207,474.4910991968239,472.870319897253,471.6975140895084,470.6121375131965,469.9097654041049]
testLoss: [460.5630346315586,520.6462197264299,522.6534450208114,495.53265162927426,524.2344308973148,531.1145171321781,528.4894412548731,551.9616743199873,553.3871644380076,547.8978465298154]