trainLoss: [504.6991856947131,463.64804554935716,458.7948740394017,452.91731208569684,448.6298574170935,444.922164684247,441.0941315987105,436.40116448515874,431.0180224667585,424.87792070456055]
testLoss: [563.3140424034727,539.1661422407533,546.1128954094225,556.3755060293543,562.7225510126024,579.2961295345636,594.090820894936,625.328577851686,646.6589507920536,663.3126369940014]