trainLoss: [547.156152763723,486.93097138281524,482.50630905059563,479.09988692882416,476.3103581799173,474.3990471136981,472.71444167254987,471.4449468438653,470.2628161663297,469.3721450178788]
testLoss: [838.0243628903842,713.0630076069099,678.8022466363051,728.8574429421852,706.4725638108375,715.3814157644907,714.4879050133989,722.7816418056161,726.4118227406094,744.4793565988255]