trainLoss: [711.0594445941372,543.5912358922149,472.03846410327003,468.04078848119997,465.6973025878772,463.9071118934165,462.5078026108239,461.4038176741622,460.466093804448,459.623040128055]
testLoss: [662.8407957065763,491.96534372502424,518.1797930889243,505.61062763525746,484.4498026722998,503.2770040204206,502.28095328573164,504.55364122634796,504.491095375827,505.6733899501365]