trainLoss: [525.6916366387824,482.81660941908405,473.5471720632299,470.1421059248969,468.001461789145,466.1491340657563,464.7217788240606,463.2997381090453,461.6000686058375,460.46316333673894]
testLoss: [503.81651274886997,466.94626519382,448.9299267625267,407.5595929736441,404.5140842860395,414.19264796349137,408.1455036992376,418.58185334801675,395.6647678838535,395.6867455975576]