trainLoss: [502.7332718632002,461.2623695187185,456.99347711219184,451.9095302635226,447.56566993011825,443.8670003475814,439.89895110650997,435.26339551785895,429.5013990069258,422.84879853184196]
testLoss: [767.9259402965888,747.4622371563545,744.3234843619359,730.6366782517006,722.0415628025165,727.9950638375221,735.9775974322588,728.1906327444774,722.7783445108396,744.2066113024185]