trainLoss: [708.201572217097,509.9201059287003,489.61072361130755,484.1504937794665,480.6563726937054,478.04914295719834,476.01711029763476,474.1570788084266,472.3308970057354,469.9014580568386]
testLoss: [451.0126049140858,981.6431301664128,1093.904898849684,1003.5458696359811,939.1444487083097,950.6009971579147,904.6840316209682,922.5871101182908,936.2627362316084,923.7448256246225]