trainLoss: [565.0006899358897,494.2130087685311,486.9469807956411,481.566143665163,478.3726699575611,474.53550364505287,471.79346881967854,469.7971925743695,468.00604820998234,466.60615869507023]
testLoss: [507.97631486065876,544.3774471305884,533.600668781843,531.6710288547553,540.1235084312084,536.6612020432949,539.9119063413297,528.6736716973619,543.6160854776987,578.5498728499008]