trainLoss: [533.4451805902047,481.6325724813916,475.40562881460977,471.50550547228494,468.57602707542685,466.9068796464473,465.2942596949432,463.5153358722909,462.1721282575382,460.94579441134533]
testLoss: [526.4355840110403,541.1899869132229,559.1270714435052,560.5216300501598,603.7724900546036,574.2909474161667,522.6334345185851,524.712315433138,528.145591892126,519.0008070858445]