trainLoss: [710.3689553294391,710.3093324874895,697.1156484169443,492.1322765653183,477.0188281486546,472.39249756650065,470.2551717248855,468.4387395355085,467.17750213396744,466.15222632416953]
testLoss: [661.7611964587122,662.5509684495628,642.8070196500048,683.0732414103113,671.8569084946066,676.7346291658469,672.0615979717113,629.6238283547573,609.0447950679809,590.1987575432286]