trainLoss: [611.1348472634722,477.23540593253546,471.5895578422117,469.04396470809917,467.595083542908,466.692201172163,466.0538014521087,465.55496057744114,465.1474662458924,464.79656710408574]
testLoss: [585.5558837889694,568.6036568800919,553.1382550662383,548.6327197784558,546.7727959745098,548.9845992508344,554.6263468291145,559.5923055233434,564.8494410333224,567.734744100133]