trainLoss: [614.833580635488,487.5114812351364,481.69926115038936,477.05772784438784,472.61848390561397,470.57828682308485,469.31274369724895,468.2698902569578,467.2488193980285,466.5664855287011]
testLoss: [581.5775792395526,494.172621203959,493.9033906867558,499.7315980713476,495.8829036905007,508.0741127569567,502.1384921439669,502.44551827663724,499.6889401090416,501.64355675293643]