trainLoss: [649.5947362972822,490.5473715654974,483.21494022869905,479.1754172485588,476.06289553036913,472.84175803871557,470.2494770241236,468.81894692206487,467.70605432242155,466.99501260017445]
testLoss: [449.6759144447576,409.13069296252905,419.5857307310391,425.81730420697005,431.15703203120177,431.3419144459461,407.8050658994151,425.3082719114714,444.30923468020177,464.3448993748516]