trainLoss: [503.8603496648561,462.45013596107174,458.1572044430511,452.9664507298354,448.35518012565774,444.7323775896437,440.97175506686506,436.6193676129775,431.2819089663772,425.2011994078721]
testLoss: [534.4083485702016,535.2291243358559,544.5857371687889,573.3904696375329,598.6301659639703,624.3216928573239,662.8111939378922,689.483888516363,717.5598164036969,751.0407863531681]