trainLoss: [501.1082100340005,461.36965016524,457.51340801599383,452.59483345870314,448.24665168749874,444.52263101983345,441.0475219584745,436.99518854563263,431.92105314759004,426.11474384638086]
testLoss: [626.9945358488503,623.1649369311145,627.9441271879541,621.2449885944682,634.8135548074414,649.1573751812845,665.3967193768719,670.2985252517415,690.8359468100577,727.7505345757552]