trainLoss: [503.99797623932636,463.97741072631754,459.6387897932885,454.187542809464,449.49047253417586,446.08537862942035,442.412831877213,438.22586575410236,433.3257681036351,427.6961863971221]
testLoss: [508.6868545051132,473.9556197724172,485.57304180562494,492.45686911450963,500.1996032400855,507.8790737849261,527.0837472446262,550.2076210639307,560.3639582309339,575.7266128509173]