trainLoss: [541.8262675303658,492.49938407095607,488.2374168027084,484.75875073293,481.65893637410517,478.8676903931495,476.64647266620517,474.55896522439934,472.7774535293436,471.1911443607977]
testLoss: [702.8971634926562,602.3399891675133,653.2728020874496,756.5140255155022,678.3499635143071,626.1962421805281,630.4451171142846,665.5614631947168,665.2605038650871,660.766273810461]