trainLoss: [624.0176293046039,492.3571738080395,486.0380203871887,482.6552936674266,480.63746225042377,479.3573556116354,478.4746302472251,477.8290023349449,477.3427418736745,476.94588390453856]
testLoss: [528.3665337902031,470.99464036534164,479.55193761701616,487.2786710412297,491.9506570965249,491.4739137935323,490.44134554997186,488.9270893270212,491.1591338031734,491.04212652511944]