trainLoss: [502.8382619347955,464.3900941962908,460.2028701572812,454.9815071695484,450.5956776201991,447.06203339215637,443.2935647842075,438.933628042295,434.012414079093,428.27902258639887]
testLoss: [387.23068648812017,393.09703599196627,394.7922477592203,393.3613531701547,399.2413498943013,408.72220617868845,426.1159693103536,442.973992052495,459.0901185963163,479.37839489306947]