trainLoss: [673.5780693481544,503.3884754088441,492.8775746888215,489.2774114050636,487.16007145208175,485.2234595145897,483.81694076715837,482.4829153165088,484.37259050877765,481.6862031065726]
testLoss: [486.07958799286894,572.3953284031915,553.3814640818234,560.8169727164103,535.8449933179339,548.692589728904,659.2480389921736,580.6993867380727,697.9640239508528,680.8419764079994]