trainLoss: [637.5220655479699,489.11880004734076,479.63753232004444,474.4610640038864,472.31982334081187,470.5047271926332,468.6311405703015,466.96422764925506,465.2154886879095,463.5847646752629]
testLoss: [547.0662652741586,567.7003431179694,499.4119318102087,470.7138899599867,479.82575828773633,460.2712280251086,444.2431507706642,441.81879001344953,437.5894299006888,431.0058768248984]