trainLoss: [624.8696615138958,469.83136428512375,463.8620352466216,461.13130258102524,459.0426780652726,457.5148145860639,456.31934932929346,455.39435849861167,454.565599779425,453.84313307404517]
testLoss: [550.9425147013404,632.4928603699574,679.9166763799312,692.6706646536596,690.0552922168221,688.6432345220103,684.7562253303253,664.9677146790692,653.0270814443342,647.7781759169048]