trainLoss: [596.228292645953,478.9258299661534,473.41208078599135,470.9874274363475,469.66690165256813,468.8257599447721,468.22562826311747,467.76657743133336,467.3823327266478,467.0547967948951]
testLoss: [398.3640582287853,361.7789105117321,353.6490169973536,353.9050464509563,358.37915925559673,362.80006494318894,366.1813087864356,369.6393524298614,371.8717652350664,373.1227561869405]