trainLoss: [539.710332235687,487.36795388936446,483.41852890288857,481.27143500487193,478.8938538405967,476.73832742480977,474.7456283737275,473.11087333047914,471.7167244628588,470.5522654086833]
testLoss: [579.4326798430342,498.96527623913147,537.6350783129402,533.249391262105,538.2680229149906,545.7260217567942,560.534869749025,561.3718855684956,569.5649065770061,574.974751128661]