trainLoss: [612.1638444025559,495.28826912202123,488.4568173251465,484.91137050599986,482.9146701311879,481.67338523096123,480.8346776671558,480.2125906668155,479.7086174666616,479.27607470604784]
testLoss: [435.4822455632318,459.9611030795525,478.0294389824585,493.41519715153066,512.248222451081,528.4417274632711,539.6902572134721,548.3384847802292,554.0366922451049,555.9433442381854]