trainLoss: [711.0590106578321,606.4703576198411,499.3323265670226,493.98487961681883,490.64729789719667,489.00282210200476,487.6558583812156,486.1390922554179,484.02075517423657,482.72934629316995]
testLoss: [663.2080431791741,931.9796652211918,1140.078479635434,1067.6087385303392,1047.9756527181685,1022.0791418796449,998.4205463683511,962.0154488490323,948.7460771977433,1027.2449087420787]