trainLoss: [501.3643841012018,462.6640673572476,458.3210166522814,452.9141220837367,448.66519737688367,444.9737808624726,441.45576730596196,437.29398394015953,432.3314074870606,426.84565614160556]
testLoss: [522.6963845285558,519.0630354217648,522.5532351004094,526.44928208439,539.5896003791659,552.1407462933014,568.1680891943961,598.493412762573,625.5856485388329,643.202907915736]