trainLoss: [711.0177663866131,711.0089010849766,711.0070142445893,711.0087017789655,533.2625053592797,489.8546280750598,485.5994121604267,483.75886343224295,482.41213363128145,480.59825892893747]
testLoss: [659.5179632527706,659.4442019921082,659.4104691751493,659.4785272524907,704.4627043394706,797.3915687214869,720.5335541610152,690.3089230480866,609.1400178482709,618.4551664802891]