trainLoss: [578.4247858769592,486.60934120759197,481.34082167792593,477.40466582836774,474.148626589364,471.9580255578989,470.3543525808844,469.18409819555006,468.0449815250676,467.12192946788906]
testLoss: [526.2989271362935,599.2690110797957,673.088079395726,701.6373923364587,765.4062513272594,731.7907326977084,725.6285298889078,728.3009802440959,731.0768658476552,766.001416916453]