trainLoss: [624.5640532418431,476.67511984602686,471.07060271088574,468.6707436492619,467.36434310901797,466.57477615866594,466.0143317292524,465.5809822191955,465.24577463313284,464.96746796080475]
testLoss: [520.796791469814,521.8000518961853,512.6064182142943,517.1417950350323,521.9362005628892,529.0013769539381,535.6479777825984,540.0154008966014,540.9215732793144,542.0827990456528]