trainLoss: [608.2861012544292,477.53710010362363,471.7782466365128,469.3943340954908,468.12153254904035,467.3136938270721,466.74624702812304,466.31123727022407,465.95365935291903,465.6349580185716]
testLoss: [428.89926335092673,465.3769277839624,478.8047818845695,481.5876225380553,482.4623198942425,481.5338343452547,479.2977458081909,475.81941795902156,472.8190757908772,470.2371938866131]