trainLoss: [609.7235086333807,493.3118001231558,486.81996456944916,483.24303853367275,481.05581099861763,479.6799583426799,478.7079409356756,477.99968912116924,477.4604696245309,477.036722844316]
testLoss: [740.4763055397198,734.1607465348206,741.8248291714117,757.1530912001617,773.2812522239983,781.4897830835544,784.4006046243012,781.8732132622972,779.7456175331026,778.0610672365874]