trainLoss: [574.1569094724885,500.84860044027414,496.70006402192314,492.8586689232413,491.0971569569286,490.9254388181715,488.591328560144,488.5806557224431,486.31657539513134,485.5616020365456]
testLoss: [1181.7523686303866,1092.64491957473,1180.7747885730323,1079.8310843509014,1053.858054498988,1048.803139469755,1031.6912840623556,1082.8360521661953,1057.5453792941853,1097.1140857512557]