trainLoss: [521.6252862698,482.117534215429,478.8982313651192,476.87930581938207,475.30902048020755,473.84304297509203,473.0924871569233,471.85511506428674,471.02768205265915,470.3685999135487]
testLoss: [1109.7761717866767,1098.545215554671,1070.0267670238559,1168.465490988439,1120.462849991701,1146.0178884747354,1068.7903006239371,1052.3712841689587,1075.9785189193758,1104.6857589131052]