trainLoss: [561.8692712102325,494.44326124032705,491.0899555618883,489.42910164410097,485.15018765587325,482.56708962053335,482.76179029758373,479.8294017068837,477.3908792236529,476.99546662813754]
testLoss: [781.8352747419051,661.70693515305,698.7642478476678,652.6189367574241,625.8662297700133,658.6044350503811,621.5373831673393,587.2547297914114,635.7734839130725,661.9053103963179]