trainLoss: [548.9858672131567,488.3211505401355,483.348392999888,480.43466742801337,477.09326282728625,474.81124456402335,472.6609967415658,471.24773807069994,469.35966659652166,468.27188932654764]
testLoss: [1509.504112274386,1372.6284296987578,1286.7547380151227,1349.09658684209,1392.2944570658728,1393.8953941091895,1365.551167014055,1405.7234136331826,1348.8159071952105,1423.6538762757555]