trainLoss: [532.2354998754499,477.56677327834416,471.54751791919523,468.37018332130924,465.41541403591765,463.20985446820544,461.51177442120286,460.02293713460523,458.8910936030221,457.55679560510777]
testLoss: [874.5986411959626,930.8941951466854,1058.2378344244735,960.3929874484622,924.2734154662074,881.3516537703053,848.0930535450232,866.9558904806888,815.9396782926349,839.4188395811375]