trainLoss: [532.8809948576215,487.3300948123714,483.0209490265032,478.6982141942717,475.2461844190423,473.268401425864,471.7599957250724,470.3312913740187,469.5120402554582,468.57246079422265]
testLoss: [607.6374887627991,693.7289149741033,631.3276062205546,620.4838776196304,654.3003514960296,666.2039421031574,679.6895945297372,653.3317438933186,594.844448261131,594.1793168895226]