trainLoss: [598.4184749577922,475.5748503298595,470.0154144272722,467.6560053784957,466.4027921347097,465.52462845307656,464.89066636610306,464.4260110729727,464.04207906222894,463.69762303753834]
testLoss: [649.6330379729565,697.8572546150535,702.7705510315031,707.4131367134695,707.7670693799184,698.8630127321737,689.8648154526137,684.0039177912121,682.1136900725512,683.5492311988312]