trainLoss: [572.9090751571485,511.0820130017526,496.65168120089777,493.54285825891856,489.1824465295785,486.9958951998261,485.37119923103893,484.5009606489227,483.38973471057705,482.9184147053811]
testLoss: [749.2557976031026,883.1419931757589,996.6277889255867,1033.7389179568652,1058.6871232411197,1038.2640675924893,1042.518027571398,1048.1969945255753,1063.2658600637385,953.4370675356408]