trainLoss: [710.353361360333,622.6862015371097,493.3701212149432,487.7895108753209,485.45743722735324,483.7735817817838,482.7139054395035,481.7732220504768,480.21055481044306,479.3996135863641]
testLoss: [662.405629877001,800.7700334619731,836.4334808113053,780.6439080280252,769.9267830159515,804.7743698735721,877.0339001063257,790.3188980575651,808.8977685733698,811.4102435377426]