trainLoss: [608.8796644672485,479.58113263274674,473.6448297046258,471.15935675793196,469.829634648149,468.98423753951545,468.37098806550995,467.8904737230124,467.48618555401583,467.13344844543775]
testLoss: [387.95910557835623,391.29519676770036,386.65892128679985,386.4967703445065,388.8049889023143,393.1785436115767,396.57365716568063,398.9949303860951,400.9179775431416,402.07733407493373]