trainLoss: [619.8517151636908,500.9019171905544,494.6210700324622,491.796138404937,490.14930416700037,488.2685556400459,487.2154817648879,486.12796892560937,484.896640368254,483.8458222374486]
testLoss: [886.7626452556876,770.2591056778681,803.6053363344697,763.1997371548136,870.0117680808139,817.9659415084956,829.3084704740796,828.0444140961004,745.4944621823555,671.1286223648592]