trainLoss: [710.9508504357988,557.4321193059108,491.63905899838676,487.80469444108064,484.83929080183486,483.95626275933216,482.0362066621227,481.21811880337606,479.962141057809,478.94850465183015]
testLoss: [658.6404510693117,1095.00037183003,1187.4756784319877,1217.0345326640388,1175.3536265004766,1179.2203816465355,1283.1043536056172,1234.0203503137286,1312.0833155296066,1272.5672889427706]