trainLoss: [710.3318518785627,499.39798349513745,472.60185824393125,469.0293775725998,466.4960673864389,465.0900446291471,464.1360355544035,463.2609039274567,462.52060393455673,461.85977796835107]
testLoss: [654.1940237236339,619.3356593878854,614.6567133159826,596.748325381058,576.376194354122,567.1296763501025,533.3885586557799,548.083459489985,585.9153756388765,610.3814742533576]