trainLoss: [613.8904026960477,494.88225380395994,488.33798568246095,484.85561135145764,482.8538439970107,481.5833453340228,480.72740623500937,480.0920607490104,479.59403510859653,479.18054978566073]
testLoss: [834.4287590682507,805.9573317009002,815.4201349257384,825.074722755094,836.6262747515426,847.7759265229106,854.9410474134046,858.6052067298875,862.213170545912,863.8985089096566]