trainLoss: [598.9227861441467,489.6289140126164,483.7871676411377,481.2358230935461,479.4655416939373,478.1171200382053,477.007262029574,476.1347479161319,475.35669568242554,474.6137911295262]
testLoss: [598.1300362628485,535.6580129280686,538.4795394694166,538.5990952370422,544.1745237420712,552.3495984978974,557.766875880318,564.2978742605874,576.8022614458841,583.132448903897]