trainLoss: [491.3567543688112,384.1244218289022,381.30477846697573,379.98739151587426,379.172475887895,378.6407001774193,378.31471120333157,378.10102882395404,377.92537424494236,377.7701291189567]
testLoss: [515.9619837251687,516.301713569393,488.89966389250964,457.8133740332411,432.16839271467614,417.4157342911633,408.62516555582107,403.40271873941083,400.84778886141123,400.4542167214027]