trainLoss: [502.7702227542958,386.555147075605,383.4588699142779,381.9600287834002,381.12332974100303,380.6289288404968,380.3321550241882,380.10913510957073,379.8861620315621,379.6787276584775]
testLoss: [450.6735574950597,429.5916435033083,431.6914650541863,431.46274749902744,425.88231961328006,424.44920048016525,432.42294528202285,440.639505649837,443.67866877620776,444.4063220974058]