trainLoss: [435.1873127037525,390.56296056175233,386.420618274498,383.9330797550201,382.0426919869423,380.39364097647666,378.81573019275663,377.0672307040691,375.6482090988636,374.429320807457]
testLoss: [920.3116964491514,962.7182350097559,944.9513323047222,925.072756380607,889.2721819021763,874.8238311066077,827.1147800760989,793.0146744192506,789.4423378270525,794.257720594772]