trainLoss: [411.8279413515568,376.9762201976776,374.8711981526375,372.1430515211582,369.0527900118351,366.01584778876304,362.81047176380156,359.490945677805,355.94101347265246,352.1374121402264]
testLoss: [885.0059205263088,875.6287942054944,856.4921871202114,823.6209021753226,801.7649559309849,808.8126033131892,819.3577486016811,828.58245870471,843.8920694750088,850.821309742255]