trainLoss: [491.9966735099098,386.8861193493536,384.01346737304493,382.74034521956344,382.00209148807926,381.54973364753164,381.2547838459348,381.0437468503066,380.87547887646116,380.70669978200624]
testLoss: [407.770371217106,379.2302945571719,350.52778102320735,339.3343563556555,337.1659938454395,341.52057337216684,353.7380911136861,366.75270617363276,373.8691584595945,373.37408896756824]