trainLoss: [489.39101228007223,388.34433592971266,384.99127323828617,383.3947017141171,382.611368120178,382.17670133691456,381.8812553312387,381.6663962209557,381.4893380080583,381.3353133965572]
testLoss: [486.67619404762536,419.34262655532564,424.06429823594436,434.56413048141656,445.3050716454093,449.56873268127106,450.6227833209629,448.50199621677734,445.7731795639808,442.50180290219254]