trainLoss: [411.65136322177227,376.17836041849466,374.2126790866256,372.08144431090165,369.3453960335543,366.62342184907004,363.6672283901803,360.5111975784744,357.1169906612846,353.40295407848976]
testLoss: [512.778658000503,487.02532939835794,481.0353958667733,496.3458631928042,508.6088684597823,510.85833345177605,519.0075734497055,527.5576538323887,535.8844854202796,547.5049682977632]