trainLoss: [415.1178095775306,380.1968235298752,377.7496497921909,374.7674013177394,371.6903192522154,368.20726414599795,364.83217766703706,361.419588729308,357.74603291895613,353.9196723390047]
testLoss: [394.00100817903876,375.5842709620483,387.6967098992318,376.62641942244954,384.8112209997489,362.1148600812303,364.9620958380401,368.8376656140317,369.0676255610306,370.54086665133946]