trainLoss: [414.50867147369974,380.37732872826876,378.3353163369503,375.50447995031186,372.603841042739,369.5558738294043,366.32309858457836,362.92886912180677,359.27160781808794,355.28915155782]
testLoss: [446.22699301428355,430.5155528123608,442.60352874344943,428.36739907892337,437.0700045687868,417.28218818125345,411.67408505190684,418.8994737490518,426.0019556048098,430.9878707618903]