trainLoss: [415.7338559795291,379.46734873200614,377.21498103165817,374.3230601587603,371.0116213097207,368.13808262107835,365.36673420624385,362.30120940136334,358.9866928655774,355.24371084393033]
testLoss: [412.10473866196617,404.9118275943079,395.62532852909396,401.07034943093146,407.2801462173462,414.671163072916,422.47703475281594,431.385521566176,445.9614508611815,461.8889968431422]