trainLoss: [499.0294336299262,392.5100317517596,388.74294055892574,387.05985738904246,385.5767016157508,384.1394105011898,382.76396385604335,381.5616745021074,380.3538915075121,379.29932578806915]
testLoss: [612.4308074040073,465.7069786620992,477.4402784597661,449.64982722422906,463.14722966562425,464.0730663154806,449.97046752646565,443.5047537509884,421.4463959913169,407.62151331486444]