trainLoss: [409.81540633006097,372.91584975204466,371.11240652570723,368.6422342999935,365.9107143435955,363.17077051477435,360.53654771709444,357.4208637243271,354.06970795178415,350.4537308815479]
testLoss: [846.1337233697757,820.267899873165,807.9091958930859,797.5100996265045,811.3465240826973,834.6311978365367,853.3631972288474,866.9569995770088,874.9667511200294,872.0109587953641]