trainLoss: [541.6928732836458,395.986191635059,390.31242590088556,387.63200986989057,386.6391899689697,385.7182389435948,384.2994645532113,383.2534902782398,382.30214523684555,381.24201857535786]
testLoss: [376.48367606219836,305.7566967617022,332.06067646405427,311.54387154924916,324.2956292181625,340.7434852743754,344.7942960966611,368.95924514654325,343.28477861383,365.1828355016187]