trainLoss: [419.8635548252252,386.0774885111278,383.53443762813845,381.58147425887086,380.3954539323526,379.2309233486172,377.81322116347087,376.44285220172134,374.952752526489,373.65062639665217]
testLoss: [581.5250266332712,530.8352505322014,502.4135987282331,489.6193859597402,491.68363452878384,493.7542249981314,496.8839699107621,498.6889188519546,475.05248207343476,477.2406746378967]