trainLoss: [441.6100553051835,391.6252239281821,388.27779894674325,385.83733708931317,384.27819911646884,383.0043185318302,381.716244796848,380.6862358337813,379.4429586429592,378.7888383743656]
testLoss: [523.4302948857658,483.38494510855526,455.6131007291842,439.4066585468245,439.1916320475284,443.65366022632224,453.752975606767,460.8841730382992,450.9513135801535,440.5170750275138]