trainLoss: [489.58240975517975,393.8203334858174,389.49722887017407,386.9408517469747,386.33857349862257,385.5028890697949,384.7716662801641,383.7909203834209,383.02842484262334,382.4268340996175]
testLoss: [290.7911102076823,284.75726847160945,296.64929312318566,294.59497021734717,303.01882974295455,334.1828739932992,303.8260417619212,300.1204129666767,315.3220966588367,316.15069289329375]