trainLoss: [630.5247855553961,383.01828862151723,378.54539975897677,375.770433874136,373.568085717762,372.09812758403,371.09746969910486,370.346398845315,369.7724453250599,369.2697806411522]
testLoss: [400.17753820860526,442.91450684453594,425.51970144483494,431.9750868337578,417.40831552649615,413.7045115244109,417.9901240270701,429.6310987906181,438.857461112726,440.35597086005146]