trainLoss: [516.051995452528,405.5680098816891,401.3703750214156,398.99943945365425,396.5833744839434,394.46577086961673,392.3810503907248,390.4760185747693,389.106009268816,388.53510309169906]
testLoss: [296.55754560313443,394.6088216325099,371.00917299206964,372.7988214064728,345.49711969623513,332.3987674618309,324.42252290215004,345.1683444745161,357.55004246587106,357.15786902958695]