trainLoss: [409.543955960083,372.87575467419623,370.9087845422268,368.3414651315689,365.28095810980795,361.8893285425663,358.38734997782706,354.7631265273094,350.9233298578739,346.9054431257725]
testLoss: [480.6234787087741,483.32919047174494,484.9410517605271,478.24524372041697,482.9711822907286,493.76310992311306,506.16432335714654,507.12844171345705,514.9712398622449,521.1944859973559]