trainLoss: [460.08838252820095,397.06406286774035,392.20935586832996,389.0317066123611,386.3482403220038,383.38699480863545,380.58608306976663,378.5975026740194,376.9496095850372,376.05374623129245]
testLoss: [343.103074601699,316.7183700497855,219.94651784138247,225.1568200843578,246.9153392025693,280.9094305798411,289.86349972080103,297.2709445951337,243.0369505064054,282.7822559362108]