trainLoss: [485.3082599206448,379.73230884571075,376.5033309351921,375.0207800152302,374.22900539588926,373.81035761404036,373.5447039299488,373.34811749801634,373.183112276125,373.03832241859436]
testLoss: [981.5754162485783,926.2722469857679,884.6813157710533,871.423453066898,866.9217207294842,863.7398541634186,863.1546723001625,862.4229526260259,864.2673998891722,866.0158556424535]