trainLoss: [491.712701474919,388.036391448218,385.06946027454205,383.63102736570886,382.76425687345926,382.2517035648734,381.9737510008524,381.77016472475077,381.604119938409,381.4650538155907]
testLoss: [229.48740284659647,188.9093708884987,195.5701613290066,204.12124182588676,211.43534488661047,212.44814858494158,210.37740526538005,208.04802107008342,206.93035400486127,206.61554675776173]