trainLoss: [489.3620410943434,387.1386461781152,384.3991024398823,383.21693014331953,382.47928456003837,381.98419940816626,381.6300633965102,381.3898389745755,381.1937164520048,381.02563167107064]
testLoss: [446.7248964940278,442.032122607164,419.57179995798907,393.2352586148788,381.9323318204935,375.70236374872013,376.08924746967307,382.1570796156364,395.09829097887535,410.12869787048425]