trainLoss: [425.23979146467144,387.9794755752447,385.3436890787346,382.22885573341534,380.2550527968974,378.6853560568627,377.3796407094531,376.09976462535917,375.06373660151405,374.26894915324317]
testLoss: [411.31864628314185,423.8769775894501,428.21636215474035,444.724955175294,439.1141710316898,446.6362816515743,452.90940840907444,442.23610622519686,423.09551589921216,414.3175952579604]