trainLoss: [472.14283222539825,397.618176215475,391.7391443844777,388.2332605204015,386.4655122410063,385.3245953895942,384.27316859287845,383.0969327635991,382.2451278094885,381.03676631213]
testLoss: [403.96449637797195,368.9938528781058,307.85820742690703,336.02000858733663,316.63314237445593,323.29874678875785,327.4334531776258,308.10959063799237,308.91592078481335,318.11956392310094]