trainLoss: [422.3968203468669,384.2030724661485,379.784866933092,377.42927421528486,376.02999839239544,374.3703853306751,372.77835265614334,371.2653004550165,370.0368303257612,368.80801997742344]
testLoss: [530.055406473753,535.708918561851,524.0449828587648,523.0771308970733,503.35933214449506,497.51145300879256,511.95756130730075,512.4387418853016,506.70393505669017,499.16274451927876]