trainLoss: [412.06810088511037,377.10967362300715,375.0325055644147,372.3468172764261,369.5027458940866,366.9865268208663,364.2944365401663,361.50901582763294,358.3687651499229,354.9934370537568]
testLoss: [447.3949962812801,429.01266606654536,434.51358905928424,404.28837066691716,394.7039132521076,395.68374352980146,399.6575948577374,403.394170791084,402.64325432695966,407.28127004773637]