trainLoss: [440.4397490686123,396.20305574881405,392.94674863793165,390.97670246720685,389.19694368296734,387.4559432673196,386.27641445988843,384.9122355957703,382.88479552650966,381.936646948012]
testLoss: [641.5628587050658,658.4932856270693,653.3354649888281,649.5949710824884,626.0525711042652,637.176734654527,627.9983259106713,632.0379616212576,640.9790705465397,632.991979896462]