trainLoss: [531.5119149666309,379.4337037448883,375.7707560980797,374.073414465189,372.52930355620384,371.1913434736729,370.0952255818844,369.18525965790747,368.4621993927479,367.8596242770195]
testLoss: [519.664998406031,498.87038111358174,496.64782667089634,496.45300148228023,494.59039464780665,492.0367710484764,491.36085338198296,487.7380471842026,489.69174632171945,489.20630770921707]