trainLoss: [415.44383648682026,379.27500608515356,377.050633655873,374.3925903591898,371.2115514633636,368.2350110329447,365.23372385410534,362.0953687742833,358.74814186783567,355.11872582286594]
testLoss: [463.9388403214338,449.87192654093417,438.535158470625,444.45024855329297,452.23411573927234,463.45253351495023,471.33319972537635,486.19755704736144,502.32967062376616,510.201808847311]