trainLoss: [410.9433833966301,375.98993182048156,374.20148938587624,371.96000526428605,369.1787147148246,366.0100264817093,362.8388184688003,359.4315443212388,355.67548392684324,351.7671541700984]
testLoss: [443.761014634805,430.91407658426175,441.2261598093423,424.6165014940579,428.124947857087,417.79128748435056,410.70677776911003,412.0078182345787,410.60331710906615,406.70983633241116]