trainLoss: [413.17146140618325,377.11812128810885,374.9753143387318,372.09305596499445,369.1410407993317,365.92517115964887,362.4744980363369,358.8861123846054,355.02495281438826,351.03294222311973]
testLoss: [511.5574450316861,514.8084180491177,509.2559691301481,491.3609920390478,482.8674945857112,485.497236833563,486.9061544377973,495.66070426237866,496.1100328935413,501.7764402428481]