trainLoss: [582.2491033749868,402.33588154553996,397.44737441427196,393.2551571844901,390.74642569389505,389.5963178954257,389.1014368257286,388.43374363722813,387.31739197362316,387.133089767521]
testLoss: [448.9801198714658,388.94382320389263,429.09520825015426,452.06897245101015,432.9266057334896,455.7422097495624,442.5408943575576,466.3042156720968,479.2672260320724,426.8078235867328]