trainLoss: [412.1248184459825,376.42158834088235,374.4198633955371,371.9668550442784,369.2328932209361,366.3385071234357,363.2811753179277,359.74403212661707,356.05992982796124,352.0012954884479]
testLoss: [446.877800343505,434.68839263681855,427.0554019779499,437.7250541783337,453.8736637915884,459.2049272795873,467.09319741060693,474.39917165695556,485.0166514626039,491.77969164608845]