trainLoss: [416.26749531569493,381.02839314393213,378.38296994483875,375.392534476777,372.08671599746486,368.81968185508583,365.52817134000935,362.2111669730845,358.79298809023095,355.1095926365801]
testLoss: [436.33808178905593,440.0982998673125,437.8791794599335,444.867368986452,444.68767860660654,447.3758527521408,455.39170810095686,461.2280014534306,466.446746560948,467.5010749953974]