trainLoss: [414.17980365576744,382.00766173853873,379.80234977445605,378.0981399339199,376.94387666640284,376.1190267356396,375.2051299753666,373.98777254252434,372.16623101911546,370.6094077711582]
testLoss: [546.7901329937882,536.6467189453249,512.227822415472,488.46370054159576,477.8434250406393,482.8434456678357,484.2537461293964,490.52928979659646,491.27741487171704,509.12434782240337]