trainLoss: [456.1085835103512,388.83846734509467,382.77583254628183,378.8113733915329,376.88925107226373,375.6709649092197,374.76504766836166,373.9697765095234,373.3007940995216,372.5518429894447]
testLoss: [672.3623785465721,611.8639196495371,489.5766998393329,534.381718100056,514.3555320426235,500.0482891619675,497.07674658087296,497.4556411216109,500.46103839142114,500.40013604558357]