trainLoss: [450.55165356803604,393.90646226298145,390.2226815034546,387.25329033781316,384.82305703351375,383.09538706352834,381.7842811007433,380.8566919687455,379.8449901306408,379.0027641124862]
testLoss: [463.3877466128198,519.6154622515069,541.0562306585692,557.1442562213801,527.6145743838291,514.7215859729451,494.41820736191016,501.60372925916516,504.88469577895614,499.94988745854226]