trainLoss: [710.6171221657389,710.6067067407719,710.6046894894153,710.6036367765194,710.6030778541825,710.6025461033227,710.6026922690523,710.6017209565524,710.6014593219642,710.600971006983]
testLoss: [655.7160454475327,655.4932627133186,655.9338271988938,656.4422427076378,656.8417170008287,656.5241359211751,657.5974840944176,657.7352161825887,658.3385709042581,658.1430093207896]