trainLoss: [495.23911775485163,385.9562414550493,383.35339580687787,382.2112552102054,381.5217158429084,381.0092209328567,380.62287136729685,380.3670364320278,380.19910852851405,380.03960487578183]
testLoss: [508.534141919275,481.35564516731137,476.4469237571626,484.22617334925286,485.2037916786558,481.59536616844457,476.35030739396575,479.8419533425898,488.247185964284,493.2273133589527]