trainLoss: [488.10468869776497,383.0195640460137,380.00457318699165,378.58271991552846,377.81486778249666,377.4127751595551,377.1768847657788,377.0336911558624,376.9155635781346,376.76256406071684]
testLoss: [456.60569122635894,437.6960518889661,443.5189327889787,456.80337483723247,460.04140048356993,461.6442606947784,467.7928029040673,480.5042530154543,491.37695773988963,496.0844633233334]