trainLoss: [440.7749313481452,383.9995242720787,382.07424504293743,380.4596381849457,378.762862137366,377.35559281840597,375.84853950262806,374.24082651462163,372.95515993947953,372.0579073699451]
testLoss: [403.3464339343008,439.09551717301963,469.4944859199486,486.24396176896124,485.865654339754,474.59709724203447,474.791094384481,464.6887394650514,451.7938403025226,440.1271973874983]