trainLoss: [411.768094860594,377.20948782826173,374.96524007272427,372.01614133289354,368.8786833549247,365.9775134687638,363.1029321986824,359.98420883346085,356.3943785403166,352.50556091618245]
testLoss: [526.2640753471744,504.440311660126,506.9793361797161,473.30388536175576,470.16030193423643,467.71350949787603,471.5833878722042,473.6606910540002,477.8102606955109,496.7165767155665]