trainLoss: [416.60281981799994,380.83418489535893,378.7637408697753,376.0023247810894,372.7643969262901,369.4081760480677,366.28052868534905,362.82231373932706,359.24789076369984,355.5660669810078]
testLoss: [201.89399071064864,206.91424306007949,208.28130865537307,211.31786400208418,217.62565805305812,223.9571679788557,230.9779702489349,238.34068236540665,245.2169137016616,252.50260534916413]