trainLoss: [485.0486594671684,383.29807787898085,380.1769739928265,378.7852102741118,377.8968498430906,377.4335285604,377.1609393339484,376.9693039202402,376.8469453837602,376.7432075309657]
testLoss: [531.7910702604008,502.4090295215761,484.30829033185177,498.9437801082303,511.2931861288435,512.4802039361845,514.855020378753,522.4182673894514,536.7214320466275,551.215419835697]