trainLoss: [418.1783952701941,384.87306838471085,382.6340449566812,379.4366048787585,376.2618884661065,373.4754398733654,370.5015028079412,367.4552757263922,364.1098826208351,360.5632391023931]
testLoss: [210.31579214307393,213.7311204447665,221.19501451247118,235.13471745496446,249.60877292752266,263.9561084650457,276.943148503588,296.8888139143586,322.4115918157114,350.47763996659353]