trainLoss: [487.9374629383087,383.86528750658033,381.10050489635466,379.75124229340554,378.9913663937569,378.4649270486832,378.07480780205725,377.80278535804746,377.5860375608921,377.4107295351982]
testLoss: [957.6516502687994,935.8334898347489,906.8899782515632,887.6798951366785,875.2160038561321,868.7789029132109,863.9432755502908,861.2060412149458,862.4329099601481,864.849224482048]