trainLoss: [491.162016565058,382.5672587425092,379.57423430839344,378.24334713792683,377.45415787671925,377.02648992937094,376.7815559934765,376.62561047795884,376.5157118730031,376.4073314999269]
testLoss: [450.5439792596153,428.24894097825745,411.2107180560124,399.78913662277046,395.5788992460002,398.90860221890034,406.83722703310195,419.30890184949385,433.42096447356744,443.2800110214739]