trainLoss: [522.3331042653084,399.9901726892471,393.1905848033905,388.8093433822155,386.85893088212015,384.4714360370159,384.19586381750105,382.89655963773725,381.91256304712294,381.89836919760705]
testLoss: [608.6414255461632,744.8397478856242,786.0845335703821,783.0641862940139,753.3305379779389,802.5939846354036,775.7772200218856,773.3651492372155,769.9921945672578,746.5580736166344]