trainLoss: [526.3720543451367,395.0070943336333,388.6542285326988,386.3023063493352,385.11318498037514,384.12061177165276,383.16575097581074,382.2646831270187,381.3696622371193,380.3324765033299]
testLoss: [576.4804974489325,536.3945333080029,519.7018546086597,503.2865768286187,490.4147143626776,482.32632557285115,476.882247608243,468.90427222402076,481.8503821738592,483.6507342511744]