trainLoss: [518.7652874320171,394.2321789006903,389.7565551611484,387.80195357892484,385.42404120489715,384.0159273077629,383.77480252935186,383.04081214978766,381.69527032913885,382.2960180284701]
testLoss: [494.99569269777925,414.0049536632781,445.5594397763543,414.3493327837906,353.3237697959736,354.4350653165421,369.78025373204656,357.9129540574866,366.6433147256145,364.1806600668178]