trainLoss: [595.1085932427407,384.01421350626947,379.66982435154915,377.40126737904546,376.34528917827606,375.4195772736073,374.15699602746963,373.37594903821946,372.72421128544806,371.7846659839153]
testLoss: [960.8592998456114,894.7125483797624,822.7528776821847,790.4483751320543,727.9652882076991,761.1310257507154,764.350028968249,764.1390534270173,686.6582894092903,681.3273744621099]