trainLoss: [485.73151843688066,391.1220286468234,388.4777988237862,387.1213372990074,386.3210044338976,385.83855953406623,385.51302705294574,385.2864702372544,385.11025629111856,384.97664495204623]
testLoss: [304.61633354791184,250.6251941322603,218.7319532067261,212.82901836782693,214.02572718032383,216.75357239950787,217.6388105800206,217.80568195086988,216.4848399082368,214.8104062900286]