trainLoss: [487.6149776082992,379.9709973417759,376.7286193065643,375.20189387784006,374.31933334441186,373.84072213993073,373.5591136203289,373.3570153170109,373.1955339161396,373.04989496741297]
testLoss: [545.2259380458378,515.9985333357271,495.45430664143225,491.1377053779411,489.4681127634574,489.9671806303535,490.6999181670936,492.93497861112195,495.4058551969021,497.2790355102753]