trainLoss: [436.0685815954208,386.3091579023361,381.1834402439594,378.9854541007996,377.21504507780077,375.77223817281725,374.52742068238257,373.34767053713796,372.418334987545,371.50921292791367]
testLoss: [985.0785774955383,927.8086719413599,858.5750929254752,813.0041912389107,831.022601907834,805.5204234107947,813.0164776857441,818.4181110360898,833.9796494665937,831.6357416225216]