trainLoss: [410.4608910939509,375.9503471551888,373.8292720577054,371.20828152795315,368.3307256085792,365.306190059691,361.9639753364386,358.4090358554071,354.48704743926737,350.3498228422794]
testLoss: [459.97930553893093,447.73058459017193,456.11771568015683,445.02812786528375,447.827967291174,436.5866973461234,431.21736244653584,432.64426579355495,438.4708815517952,439.99134556908393]