trainLoss: [482.0173054607845,390.2510682013197,387.38654404412665,386.2439490088922,384.9036423939024,384.1060110546487,382.87817745187516,382.0227924736661,381.36145529358566,380.07926060236275]
testLoss: [441.8852359887558,497.13919478931376,510.3818688534738,526.1075971814007,511.4451891600164,499.59323739805785,506.9159882751476,476.92097214617064,552.4590006552099,482.0889479947305]