trainLoss: [426.4665179975571,388.9345910820269,386.5448598020019,384.8212796947168,383.4274669207392,381.93995510219565,380.4540813351831,378.933138585331,377.487599700497,376.4627995621293]
testLoss: [454.002217666136,621.3719539703346,537.3484283939122,576.9612620829597,533.8265602283591,525.771972281257,478.4157318357877,459.8020175749392,451.3742517584891,448.67575448704514]