trainLoss: [442.6365698911365,395.1587007832324,389.26407983031805,383.5104564306537,380.7770675053537,379.2823059074004,378.21857718795815,377.1196679292541,375.90774559822427,374.6533116322276]
testLoss: [510.35895995388546,356.32994934782215,483.38077691396654,426.7204534707721,429.5286983731961,431.4334890736094,439.99158988436034,437.42862363854897,456.6227040913736,481.5987117575525]