trainLoss: [483.67365556415575,384.2740071827413,381.3091478646724,379.94834788978653,379.20304047037206,378.7612501441879,378.46917144354467,378.27053956558274,378.0941501208134,377.9364068971791]
testLoss: [599.6601925048325,606.3727694845845,575.5597000341363,542.27935594159,516.6276236392328,500.08856300953966,489.6359119019711,483.15641110106225,480.1703252775652,478.60029904175667]