trainLoss: [417.9364129212619,384.46371760982845,382.0145321094399,378.9905331221527,375.75784018534256,372.5580554100751,369.1760265421203,365.615709832486,361.70233572276754,357.5218696930091]
testLoss: [400.5620499749045,403.57741936411065,401.45909698537196,411.7553815844196,415.97340042908723,419.9082990492925,430.76625004819687,446.24273744023833,453.54315801455004,457.7709185282763]