trainLoss: [439.1850800035354,392.6437409406661,389.5932269630602,387.40590163133464,385.4421272775152,383.57539412037875,381.3618615855558,379.92235521404734,378.6947339796245,377.7612211344412]
testLoss: [387.51623381457546,367.94103401594543,360.3667510232465,330.19199024059554,327.96857330467213,287.92348364442586,272.163106103106,259.4299657300115,262.49337511631575,258.8961325478825]