trainLoss: [429.2087260024201,391.2506646597578,387.9663155434112,385.8502417039006,382.93461371809246,380.8550240820454,379.491668032975,378.43186848163606,377.4385342692656,376.34315159046844]
testLoss: [494.5625868903739,565.9863036088645,499.16982181423475,451.1374420502356,462.02003062005554,447.2616598861558,448.8766164444387,432.87660130815846,424.29640502828573,438.32781165215584]