trainLoss: [507.6250057765553,391.6639230952628,387.43245354813916,383.4731222581479,380.56206129034683,378.9229195295803,378.24965964574966,377.3831948776399,376.85955132063356,375.7421708226204]
testLoss: [706.6900546295302,423.3227813318372,486.9811807123678,493.77647946242774,432.42489546218087,489.4121736837285,492.0460234370615,436.39411352372593,471.95839390424743,450.9399031262313]