trainLoss: [595.7119272329634,388.5986878932484,383.9141578871877,381.9977474453949,380.7060681579574,379.08233614559134,377.4931370580389,375.8549158054494,374.30653027978633,373.2109388664365]
testLoss: [527.6081327509693,535.4472612358454,529.063240123546,525.184722141018,523.1433340827311,520.5659699491629,511.0132853811181,507.6482828045924,494.7265866391771,488.4256058933697]