trainLoss: [491.9277038570386,382.31674657666224,379.25966859582536,377.9136496662039,377.2351372805918,376.9022102369852,376.69862846512694,376.54976357327973,376.4433802614929,376.3420495301293]
testLoss: [443.81125258501396,418.5830371568337,395.0672833803079,382.30290828803123,376.1480805395257,377.05708467244904,381.17049756527734,390.1212595599574,403.4225085565191,416.81618639244545]