trainLoss: [494.4097224383354,383.868189177084,381.1444090869904,379.8579313584328,379.1414518745899,378.61222800893785,378.1956397583008,377.87965977582934,377.64374201054574,377.43876423563955]
testLoss: [528.2050699744168,535.5341771822276,519.4772255073382,506.68484664503046,502.8114244186972,500.24674297247344,498.50242695400095,497.82910182180365,498.71937198620145,500.80781348554166]