trainLoss: [541.2733783493995,398.15983420705794,394.23756884355544,391.97176392745973,390.0596551888466,388.1151081963539,387.3535235781193,386.78382751131056,385.63708964796064,385.11027795596124]
testLoss: [433.60151575329735,559.6582214057914,563.9332776881579,566.1731997348193,561.7541403568636,569.0246488264227,543.2074596971039,558.9021773906204,541.6871520994216,546.8792421146641]