trainLoss: [448.7219825844577,389.92749306257707,386.8846343188903,384.66048042658247,382.9878607292171,382.11085109628283,380.79447860618114,380.19289961193726,379.26367067447427,378.02455594776336]
testLoss: [465.88753213175875,380.0181206583187,394.6129135426307,417.4230700920749,426.0510534046107,431.42132728403766,396.6108541228124,406.4672456269233,411.5781376410202,408.3456412880429]