pre
0.012527903056808346,0.06804264005443411,0.06804778466656586,0.06805293005671077,0.06805807622504537,0.0680632231717462,0.06806837089698986,0.06807351940095303,0.0680786686838124,0.06808381874574476,0.06808896958692692,0.06809412120753575,0.06809927360774819,0.0681044267877412,0.06810958074769184,0.06811473548777719,0.0681198910081744,0.06812504730906063,0.06813020439061317,0.06813536225300931,0.0681405208964264,0.06814568032104187,0.06815084052703317,0.0681560015145778,0.06816116328385338,0.0681663258350375,0.06817148916830783,0.06817665328384213,0.06818181818181818,0.06818698386241381,0.06819215032580694,0.0681973175721755,0.06820248560169749,0.06820765441455097,0.06821282401091405,0.0682179943909649,0.06822316555488174,0.06822833750284285,0.06823351023502654,0.06823868375161118,0.06824385805277525,0.06824903313869721,0.06825420900955559,0.06825938566552901,0.06826456310679611,0.06826974133353561,0.06827492034592626,0.06828010014414687,0.06828528072837632,0.06829046209879354,0.06829564425557748,0.06830082719890719,0.06830601092896176,0.0683111954459203,0.06831638074996205,0.06832156684126622,0.06832675372001215,0.06833194138637917,0.0683371298405467,0.06834231908269421,0.06834750911300122,0.0683526999316473,0.0683578915388121,0.06836308393467527,0.06836827711941659,0.06837347109321583,0.06837866585625285,0.06838386140870754,0.06838905775075987,0.06839425488258986,0.06839945280437756,0.06840465151630311,0.06840985101854667,0.06841505131128849,0.06842025239470884,0.06842545426898806,0.06843065693430657,0.0684358603908448,0.06844106463878327,0.06844626967830253,0.0684514755095832,0.06845668213280597,0.06846188954815152,0.06846709775580069,0.06847230675593427,0.06840143041923458,0.06840663521534013,0.0684118408035918,0.06841704718417047,0.06842225435725702,0.06842746232303243,0.0684326710816777,0.06843788063337393,0.06844309097830224,0.06844830211664382,0.06845351404857991,0.06845872677429181,0.06846394029396086,0.06846915460776846,0.06847436971589611,0.0684795856185253,0.06848480231583759,0.06849001980801463,0.0684952380952381,0.06850045717768972,0.06850567705555133,0.06851089772900472,0.06851611919823185,0.06852134146341464,0.06852656452473511,0.06853178838237536,0.06853701303651749,0.0685422384873437,0.06854746473503621,0.06855269177977734,0.06855791962174941,0.06856314826113484,0.06856837769811609,0.06857360793287567,0.06857883896559616,0.06858407079646017,0.06858930342565042,0.06859453685334961,0.06859977107974055,0.06860500610500611,0.06861024192932916,0.06861547855289268,0.06862071597587971,0.06862595419847328,0.06863119322085655,0.06863643304321271,0.06864167366572498,0.06857055589492975,0.0685757922871325,0.06858102947915076,0.0685862674711678,0.06859150626336694,0.06859674585593156,0.06860198624904507,0.06860722744289098,0.06861246943765281,0.06861771223351418,0.06862295583065872,0.06862820022927016,0.06863344542953226,0.06863869143162883,0.06864393823574377,0.068649185842061,0.06865443425076452,0.06865968346203838,0.06858846918489066,0.06859371415462262,0.06859895992658305,0.06860420650095603,0.06860945387792565,0.06861470205767613,0.06854345165238677,0.06854869558564762,0.0685539403213466,0.06855918585966791,0.06856443220079583,0.06856967934491467,0.06857492729220879,0.06858017604286261,0.06858542559706063,0.06859067595498737,0.06859592711682744,0.06860117908276549,0.06860643185298622,0.0686116854276744,0.06861693980701486,0.06862219499119246,0.06862745098039216,0.06863270777479893,0.06863796537459782,0.06864322377997395,0.06864848299111247,0.06865374300819861,0.06865900383141763,0.06866426546095486,0.06866952789699571,0.0686747911397256,0.06868005518933007,0.06868532004599463,0.06869058570990494,0.06869585218124664,0.06870111946020549,0.06870638754696726,0.0687116564417178,0.06871692614464299,0.06872219665592882,0.06872746797576129,0.06873274010432648,0.06873801304181051,0.06874328678839957,0.06874856134427991,0.06875383670963782,0.06875911288465966,0.06876438986953184,0.06876966766444086,0.06877494626957323,0.06878022568511553,0.06878550591125442,0.06871401151631477,0.06871928746928747,0.0687245642325117,0.06872984180617417,0.06873512019046156,0.06874039938556067,0.06874567939165835,0.06875096020894146,0.06875624183759699,0.06876152427781193,0.06876680752977334,0.06877209159366836,0.06877737646968417,0.06878266215800799,0.06878794865882715,0.06879323597232898,0.0687985240987009,0.06880381303813038,0.06880910279080495,0.0688143933569122,0.06881968473663976,0.06882497693017534,0.06883026993770669,0.06883556375942163,0.06884085839550803,0.06884615384615385,0.06885145011154704,0.06885674719187568,0.06886204508732785,0.06886734379809172,0.06887264332435553,0.06887794366630752,0.06888324482413608,0.06888854679802955,0.06889384958817643,0.06889915319476521,0.06890445761798444,0.06890976285802279,0.06891506891506892,0.06892037578931157,0.06892568348093954,0.06893099199014172,0.06893630131710698,0.06894161146202434,0.06894692242508281,0.0689522342064715,0.06895754680637954,0.06896286022499615,0.06896817446251059,0.06897348951911221,0.06897880539499036,0.06898412209033451,0.06898943960533416,0.06899475794017884,0.0690000770950582,0.06900539707016191,0.0690107178656797,0.06901603948180136,0.06902136191871674,0.06902668517661577,0.06903200925568839,0.06903733415612465,0.06904265987811463,0.06904798642184848,0.06905331378751639,0.06905864197530864,0.06906397098541554,0.06906930081802748,0.06907463147333488,0.06907996295152825,0.06908529525279815,0.06909062837733519,0.06909596232533004,0.06910129709697344,0.06910663269245618,0.06911196911196911,0.06911730635570314,0.06912264442384924,0.06912798331659845,0.06913332303414182,0.06913866357667053,0.06914400494437577,0.06914934713744882,0.06915469015608097,0.06916003400046364,0.06916537867078826,0.0691707241672463,0.06917607049002937,0.06918141763932906,0.06918676561533704,0.06919211441824508,0.06919746404824494,0.0692028145055285,0.06920816579028766,0.0692135179027144,0.06921887084300077,0.06922422461133886,0.06922957920792079,0.06923493463293881,0.06924029088658518,0.06924564796905222,0.06925100588053235,0.06925636462121798,0.06926172419130165,0.06926708459097593,0.06927244582043343,0.06927780787986686,0.06928317076946895,0.06928853448943254,0.06929389903995045,0.06929926442121565,0.0693046306334211,0.06930999767675985,0.06931536555142503,0.06932073425760979,0.06932610379550735,0.06933147416531102,0.06933684536721413,0.06934221740141008,0.06934759026809235,0.06935296396745448,0.06935833849969002,0.06936371386499264,0.06936909006355604,0.06937446709557399,0.0693798449612403,0.0693852236607489,0.06939060319429369,0.06939598356206869,0.06940136476426799,0.06940674680108569,0.069412129672716,0.06941751337935313,0.06942289792119144,0.06942828329842526,0.06943366951124903,0.06943905655985724,0.06944444444444445,0.06944983316520524,0.06945522272233431,0.06946061311602639,0.06946600434647625,0.06947139641387876,0.06947678931842882,0.0694821830603214,0.06948757763975155,0.06949297305691436,0.06949836931200497,0.0695037664052186,0.06950916433675054,0.06951456310679612,0.06951996271555072,0.06952536316320981,0.06953076444996892,0.06953616657602361,0.06954156954156954,0.06954697334680239,0.06955237799191794,0.06955778347711199,0.06956318980258044,0.06956859696851923,0.06957400497512438,0.06957941382259193,0.06958482351111803,0.06959023404089884,0.06959564541213063,0.06960105762500972,0.06960647067973247,0.0696118845764953,0.06961729931549471,0.06962271489692727,0.06962813132098958,0.06963354858787832,0.06963896669779022,0.06964438565092211,0.06964980544747082,0.06965522608763328,0.06966064757160648,0.06966606989958746,0.06967149307177331,0.06967691708836123,0.0696877676555322,0.06969319420650989,0.06969862160267892,0.06970404984423675,0.06970947893138095,0.06971490886430909,0.06972033964321882,0.06972577126830788,0.06973120373977405,0.06973663705781517,0.06974207122262915,0.06966957605985037,0.06967500584521862,0.06968043647700702,0.06968586795541351,0.06969130028063611,0.06961877290091213,0.0696242008420396,0.06962962962962962,0.06963505926388022,0.06964048974498947,0.06956793012010606,0.06957335621246392,0.06957878315132605,0.06958421093689056,0.0695896395693556,0.0695950690489194,0.06960049937578028,0.06960593055013656,0.06961136257218667,0.06961679544212909,0.06962222916016235,0.06962766372648505,0.06963309914129587,0.0696385354047935,0.06964397251717676,0.0696494104786445,0.0696548492893956,0.06966028894962906,0.0696657294595439,0.06967117081933921,0.06967661302921418,0.06968205608936802,0.0696875,0.06969294476130948,0.06969839037349586,0.06970383683675861,0.06970928415129728,0.06971473231731146,0.06972018133500078,0.069725631204565,0.06973108192620388,0.06973653350011727,0.06974198592650509,0.06974743920556728,0.06975289333750391,0.06975834832251505,0.06976380416080087,0.06976926085256159,0.0697747183979975,0.06978017679730893,0.06978563605069629,0.06979109615836007,0.06979655712050079,0.06980201893731904,0.06972922210048521,0.06973467950223057,0.06974013775829681,0.06974559686888454,0.06975105683419446,0.06975651765442731,0.0697619793297839,0.06976744186046512,0.06977290524667189,0.06977836948860522,0.06978383458646617,0.06978930054045586,0.0697947673507755,0.06980023501762632,0.06980570354120966,0.06981117292172687,0.06981664315937941,0.06982211425436878,0.06982758620689655,0.06983305901716436,0.06983853268537388,0.0698440072117269,0.0698494825964252,0.06985495883967072,0.06986043594166536,0.06986591390261115,0.06987139272271016,0.06979844718061329,0.06980392156862746,0.0698093968154365,0.06981487292124255,0.06982034988624775,0.06982582771065432,0.06983130639466457,0.06983678593848085,0.06984226634230557,0.06984774760634123,0.06985322973079036,0.06985871271585557,0.06986419656173953,0.069869681268645,0.06987516683677475,0.06988065326633165,0.06980761680408323,0.06981309879063924,0.06981858163826278,0.06982406534715677,0.06982954991752416,0.06983503534956795,0.06984052164349124,0.06984600879949718,0.06985149681778895,0.06985698569856985,0.06986247544204323,0.06986796604841244,0.069873457517881,0.06987894985065242,0.06988444304693027,0.06988993710691824,0.06989543203082003,0.06990092781883944,0.06990642447118031,0.06991192198804655,0.06991742036964216,0.06992291961617116,0.06992841972783764,0.06993392070484582,0.06993942254739989,0.06994492525570417,0.06995042882996302,0.06995593327038087,0.0699614385771622,0.06996694475051157,0.0699724517906336,0.069977959697733,0.06998346847201449,0.06998897811368289,0.06999448862294308,0.07,0.07000551224505866,0.07001102535832414,0.07001653934000157,0.07002205419029615,0.07002756990941315,0.0700330864975579,0.07003860395493579,0.07004412228175229,0.07004964147821291,0.07005516154452325,0.07006068248088895,0.07006620428751577,0.07007172696460945,0.07007725051237584,0.07008277493102089,0.07008830022075055,0.07009382638177088,0.07009935341428797,0.070104881318508,0.07003154574132492,0.07003706916949286,0.07004259346900142,0.07004811864005679,0.07005364468286526,0.07005917159763314,0.07006469938456683,0.0700702280438728,0.07007575757575757,0.07008128798042774,0.07008681925808997,0.07009235140895098,0.07009788443321756,0.07010341833109655,0.07010895310279489,0.07011448874851954,0.07012002526847758,0.07012556266287609,0.07013110093192229,0.07013664007582339,0.07014218009478673,0.07014772098901967,0.07015326275872966,0.0701588054041242,0.07016434892541087,0.07016989332279731,0.07017543859649122,0.07018098474670038,0.07018653177363263,0.07019207967749586,0.07019762845849803,0.07020317811684718,0.07020872865275142,0.07021428006641892,0.07021983235805788,0.07022538552787663,0.07023093957608352,0.07023649450288698,0.0702420503084955,0.07024760699311763,0.07025316455696203,0.07025872300023736,0.07026428232315239,0.07026984252591596,0.07027540360873694,0.0702809655718243,0.07028652841538705,0.07029209213963429,0.07029765674477517,0.07030322223101892,0.07030878859857483,0.07031435584765224,0.07031992397846057,0.07032549299120931,0.07033106288610803,0.07033663366336633,0.07034220532319392,0.07034777786580053,0.07035335129139597,0.07035892560019016,0.07036450079239302,0.0703700768682146,0.07038123167155426,0.07038681039949271,0.07039239001189061,0.0703979705089583,0.0704035518909062,0.07040913415794481,0.07041471731028467,0.0704203013481364,0.07042588627171069,0.07043147208121828,0.07043705877687,0.07044264635887673,0.07044823482744943,0.07045382418279911,0.07045941442513687,0.07046500555467386,0.0704705975716213,0.07047619047619047,0.07048178426859275,0.07048737894903953,0.07049297451774232,0.07049857097491267,0.0705041683207622,0.07050976655550262,0.07051536567934567,0.07052096569250317,0.07052656659518704,0.07053216838760921,0.07053777106998173,0.07054337464251668,0.07054897910542623,0.07055458445892261,0.07056019070321812,0.07056579783852511,0.07057140586505603,0.07057701478302336,0.0705826245926397,0.07058823529411765,0.07059384688766993,0.0705994593735093,0.07060507275184862,0.07061068702290077,0.07061630218687873,0.07062191824399555,0.07062753519446432,0.07063315303849825,0.07063877177631056,0.07064439140811456,0.07065001193412364,0.07065563335455124,0.07066125566961089,0.07066687887951616,0.0706725029844807,0.07067812798471824,0.07068375388044257,0.07068938067186754,0.07069500835920707,0.07070063694267516,0.07070626642248587,0.07071189679885333,0.07071752807199172,0.07072316024211532,0.07072879330943847,0.07073442727417556,0.07074006213654106,0.07074569789674952,0.07075133455501553,0.07075697211155378,0.07076261056657901,0.07076824992030603,0.0707738901729497,0.07077953132472502,0.07078517337584696,0.07079081632653061,0.07079646017699115,0.07080210492744379,0.07080775057810382,0.0708133971291866,0.07081904458090757,0.07082469293348222,0.07083034218712611,0.07083599234205488,0.07084164339848424,0.07084729535662997,0.07085294821670789,0.07085860197893393,0.07086425664352405,0.07086991221069433,0.07087556868066086,0.07088122605363985,0.07088688432984754,0.07089254350950024,0.07089820359281437,0.07090386458000639,0.07090952647129282,0.07091518926689028,0.07092085296701542,0.07092651757188498,0.0709321830817158,0.07093784949672471,0.07094351681712871,0.07094918504314478,0.07095485417499,0.07096052421288157,0.07096619515703669,0.07097186700767263,0.0709775397650068,0.07098321342925659,0.07098888800063954,0.0709945634793732,0.07100023986567522,0.07100591715976332,0.07101159536185526,0.0710172744721689,0.07102295449092218,0.07102863541833307,0.07103431725461963,0.07104,0.07104568365469238,0.07105136821891503,0.0710570536928863,0.07106274007682459,0.07106842737094837,0.07107411557547623,0.07107980469062675,0.07108549471661864,0.07109118565367065,0.0710968775020016,0.07110257026183041,0.07110826393337603,0.07111395851685753,0.071119654012494,0.07112535042050461,0.07113104774110862,0.07113674597452535,0.0711424451209742,0.07114814518067462,0.07115384615384615,0.07115954804070838,0.07116525084148101,0.07117095455638374,0.07117665918563643,0.07118236472945892,0.07118807118807119,0.07119377856169326,0.07119948685054522,0.07120519605484725,0.07121090617481957,0.0712166172106825,0.0712223291626564,0.07122804203096174,0.07123375581581903,0.07123947051744886,0.07124518613607189,0.07125090267190885,0.07125662012518055,0.07126233849610786,0.07126805778491171,0.07127377799181314,0.07127949911703323,0.07128522116079312,0.07129094412331406,0.07129666800481735,0.07130239280552433,0.07130811852565647,0.07131384516543528,0.07131957272508233,0.07132530120481928,0.07133103060486787,0.07133676092544987,0.07134249216678717,0.07134822432910172,0.0713539574126155,0.07135969141755062,0.07136542634412923,0.07137116219257354,0.07137689896310585,0.07138263665594856,0.07138837527132406,0.0713941148094549,0.07139985527056364,0.07140559665487295,0.07141133896260556,0.07141708219398424,0.07142282634923189,0.07142857142857142,0.07143431743222589,0.07144006436041835,0.07144581221337196,0.07145156099130995,0.07145731069445561,0.07146306132303235,0.07138832997987928,0.07139407598197038,0.07139982290912018,0.07140557076155209,0.07141131953948958,0.0714170692431562,0.07142281987277559,0.07142857142857142,0.07135378916002255,0.07135953608247422,0.07136528393072895,0.07137103270501047,0.07137678240554257,0.07138253303254914,0.07138828458625412,0.07139403706688155,0.07139979047465549,0.07140554480980013,0.0714113000725397,0.0714170562630985,0.07142281338170092,0.07142857142857142,0.07143433040393453,0.07144009030801483,0.07144585114103702,0.07145161290322581,0.07145737559480603,0.07146313921600259,0.07146890376704042,0.07147466924814457,0.07148043565954014,0.07148620300145232,0.07149197127410635,0.07149774047772757,0.07150351061254136,0.0715092816787732,0.07151505367664863,0.07152082660639328,0.07152660046823282,0.07153237526239302,0.07153815098909971,0.07154392764857881,0.07154970524105629,0.0715554837667582,0.07156126322591067,0.0715670436187399,0.07157282494547217,0.07157860720633381,0.07158439040155126,0.071590174531351,0.0715959595959596,0.07160174559560369,0.07160753253050998,0.07161332040090528,0.0716191092070164,0.07162489894907033,0.07163068962729405,0.07163648124191462,0.07164227379315921,0.07164806728125506,0.07165386170642944,0.0716654533689234,0.07167125060669795,0.07167704878246096,0.07168284789644012,0.07168864794886318,0.07169444893995792,0.07170025086995226,0.07170605373907414,0.0717118575475516,0.07171766229561276,0.07172346798348579,0.07172927461139897,0.0717350821795806,0.0717408906882591,0.07174670013766297,0.07175251052802073,0.07175832185956103,0.07176413413251255,0.0717699473471041,0.07177576150356449,0.07178157660212266,0.07178739264300761,0.07179320962644842,0.07179902755267423,0.07180484642191426,0.0718106662343978,0.07181648699035421,0.07182230869001296,0.07182813133360356,0.07183395492135561,0.07183977945349874,0.07184560493026274,0.07185143135187738,0.07185725871857258,0.07186308703057831,0.0718689162881246,0.07187474649144156,0.07188057764075938,0.07188640973630832,0.07189224277831872,0.07189807676702102,0.07190391170264568,0.07190974758542326,0.07191558441558442,0.07192142219335985,0.07192726091898036,0.07193310059267678,0.07193894121468009,0.07194478278522128,0.07195062530453143,0.07195646877284172,0.07196231319038336,0.0719681585573877,0.0719740048740861,0.07197985214071005,0.07198570035749106,0.07199154952466076,0.07199739964245083,0.07200325071109305,0.07200910273081924,0.07201495570186134,0.07202080962445132,0.07202666449882124,0.07203252032520326,0.07203837710382958,0.07204423483493251,0.0720500935187444,0.07205595315549772,0.07206181374542497,0.07206767528875875,0.07207353778573172,0.07207940123657663,0.07208526564152631,0.07209113100081367,0.07209699731467166,0.07210286458333333,0.07210873280703183,0.07211460198600032,0.07212047212047212,0.07212634321068057,0.07213221525685908,0.07213808825924116,0.07214396221806042,0.07214983713355048,0.07215571300594512,0.07216158983547809,0.07216746762238332,0.07217334636689475,0.07217922606924644,0.07218510672967247,0.07219098834840708,0.07219687092568448,0.07220275446173906,0.07220863895680521,0.07221452441111745,0.07222041082491033,0.07222629819841853,0.07223218653187673,0.07223807582551978,0.07224396607958251,0.07224985729429993,0.07225574946990702,0.07226164260663893,0.07226753670473084,0.07227343176441797,0.07227932778593571,0.07228522476951946,0.0722911227154047,0.072297021623827,0.07230292149502203,0.07230882232922549,0.0723147241266732,0.072320626887601,0.0723265306122449,0.07233243530084088,0.07233834095362508,0.07234424757083367,0.07235015515270292,0.07235606369946918,0.07236197321136884,0.0723678836886384,0.07237379513151446,0.07237970754023364,0.07238562091503269,0.07239153525614837,0.07239745056381762,0.07240336683827736,0.07240928407976463,0.07241520228851656,0.07242112146477031,0.07242704160876318,0.0724329627207325,0.0724388848009157,0.07244480784955029,0.07245073186687383,0.07245665685312398,0.07246258280853848,0.07246850973335514,0.07247443762781186,0.07248036649214659,0.0724862963265974,0.0724922271314024,0.07249815890679977,0.07250409165302782,0.0725100253703249,0.07251596005892945,0.07252189571907997,0.07252783235101506,0.07253376995497339,0.07253970853119371,0.07254564807991484,0.0725515886013757,0.07255753009581525,0.07256347256347256,0.07256941600458679,0.07257536041939712,0.07258130580814287,0.07258725217106342,0.0725931995083982,0.07259914782038676,0.0726050971072687,0.07261104736928373,0.07261699860667159,0.07262295081967213,0.07262890400852529,0.07263485817347107,0.07264081331474953,0.07264676943260086,0.07265272652726527,0.0726586845989831,0.07266464364799476,0.07267060367454069,0.07267656467886145,0.0726825266611977,0.07268848962179014,0.07269445356087956,0.07270041847870681,0.07270638437551288,0.07271235125153877,0.07271831910702561,0.07272428794221455,0.0727302577573469,0.07273622855266398,0.07274220032840722,0.07274817308481812,0.07275414682213828,0.07276012154060935,0.07276609724047306,0.07277207392197126,0.07277805158534582,0.07278403023083874,0.07279000985869208,0.07279599046914798,0.07280197206244865,0.07280795463883638,0.07281393819855358,0.0728199227418427,0.07282590826894625,0.07283189478010686,0.07283788227556724,0.07284387075557017,0.0728498602203585,0.07285585067017515,0.07286184210526316,0.07286783452586561,0.0728738279322257,0.07287982232458666,0.07288581770319184,0.07289181406828465,0.07289781142010861,0.07290380975890727,0.0729098090849243,0.07291580939840342,0.07292181069958847,0.07292781298872335,0.07293381626605203,0.07293982053181855,0.07294582578626709,0.07295183202964182,0.07295783926218709,0.07296384748414725,0.07296985669576676,0.07297586689729017,0.07298187808896212,0.07298789027102727,0.07299390344373044,0.07299991760731647,0.07300593276203032,0.07301194890811702,0.07301796604582166,0.07302398417538944,0.07303000329706562,0.07303602341109554,0.07304204451772466,0.07304806661719845,0.07305408970976253,0.07306011379566257,0.07306613887514432,0.0730721649484536,0.07307819201583636,0.07308422007753856,0.07309024913380631,0.07309627918488573,0.07310231023102311,0.07310834227246472,0.07311437530945701,0.07312040934224644,0.07312644437107957,0.07313248039620306,0.07313851741786363,0.0731445554363081,0.07315059445178336,0.07315663446453637,0.0731626754748142,0.07316871748286398,0.07317476048893294,0.07318080449326836,0.07318684949611763,0.07319289549772821,0.07319894249834766,0.07320499049822358,0.0732110394976037,0.0732170894967358,0.07322314049586777,0.07322919249524754,0.07323524549512316,0.07324129949574275,0.07316468253968254,0.07317073170731707,0.07317678187531007,0.0731828330439097,0.07310618590803837,0.07311223223885535,0.07311827956989247,0.07312432790139796,0.07313037723362012,0.07313642756680731,0.07314247890120801,0.07314853123707075,0.07315458457464416,0.07316063891417694,0.07316669425591789,0.07317275060011588,0.07317880794701986,0.07318486629687888,0.07319092564994205,0.07319698600645856,0.07320304736667771,0.07320910973084886,0.07321517309922147,0.07322123747204506,0.07322730284956926,0.07323336923204374,0.07323943661971831,0.07324550501284283,0.07325157441166721,0.07325764481644154,0.07326371622741588,0.07326978864484045,0.07327586206896551,0.07328193650004144,0.07328801193831869,0.07329408838404776,0.07321724709784411,0.07322331868314122,0.07322939127550174,0.07323546487517625,0.0732415394824154,0.07324761509746992,0.07325369172059068,0.07325976935202853,0.07326584799203452,0.07327192764085969,0.07327800829875519,0.07328408996597228,0.07329017264276229,0.07329625632937661,0.07330234102606674,0.07330842673308427,0.07331451345068084,0.0733206011791082,0.07332668991861817,0.07333277966946267,0.07333887043189369,0.07334496220616331,0.07335105499252367,0.07335714879122705,0.07336324360252576,0.0733693394266722,0.0733754362639189,0.0733876329787234,0.07339373285678663,0.07339983374896093,0.07340593565549922,0.07341203857665447,0.07341814251267981,0.07342424746382838,0.07343035343035344,0.07343646041250831,0.07344256841054646,0.07344867742472135,0.07345478745528658,0.07346089850249585,0.07346701056660287,0.07347312364786154,0.07347923774652576,0.07348535286284953,0.07349146899708697,0.07349758614949226,0.07350370432031965,0.0735098235098235,0.07351594371825826,0.07352206494587843,0.07352818719293863,0.07353431045969354,0.07354043474639793,0.07354656005330668,0.07355268638067472,0.07355881372875708,0.07356494209780888,0.07357107148808532,0.07357720189984168,0.07358333333333333,0.07358946578881573,0.07359559926654442,0.07360173376677502,0.07360786928976325,0.0736140058357649,0.07362014340503585,0.0735429000250146,0.07354903268845897,0.07355516637478109,0.07356130108423686,0.07356743681708233,0.07357357357357357,0.07357971135396679,0.07358585015851828,0.07359198998748435,0.07359813084112149,0.07360427271968623,0.07361041562343515,0.07361655955262499,0.07362270450751252,0.07362885048835462,0.07363499749540825,0.07364114552893045,0.07364729458917836,0.07365344467640919,0.07365959579088024,0.07366574793284891,0.07367190110257267,0.07367805530030908,0.07368421052631578,0.07369036678085053,0.07369652406417113,0.07370268237653547,0.07370884171820156,0.0737150020894275,0.07372116349047142,0.07372732592159158,0.07373348938304632,0.07373965387509406,0.07374581939799331,0.07375198595200268,0.07375815353738083,0.07376432215438655,0.07377049180327869,0.07377666248431619,0.07378283419775808,0.07378900694386346,0.07379518072289157,0.07380135553510167,0.07380753138075313,0.07381370826010544,0.07381988617341814,0.07382606512095087,0.07383224510296334,0.07383842611971536,0.07384460817146685,0.07385079125847777,0.0738569753810082,0.07386316053931831,0.07386934673366834,0.07387553396431862,0.07388172223152957,0.07388791153556169,0.0738941018766756,0.07390029325513196,0.07390648567119155,0.07391267912511523,0.07391887361716393,0.0739250691475987,0.07393126571668064,0.07393746332467097,0.07394366197183098,0.07394986165842207,0.07395606238470569,0.0739622641509434,0.07396846695739685,0.07397467080432776,0.07398087569199799,0.0739870816206694,0.07399328859060403,0.07399949660206394,0.0740057056553113,0.07401191575060838,0.07401812688821752,0.07402433906840117,0.07403055229142186,0.07403676655754218,0.07404298186702485,0.07404919822013264,0.07405541561712846,0.07406163405827526,0.07406785354383608,0.07407407407407407,0.07408029564925248,0.07408651826963461,0.07409274193548387,0.07409896664706377,0.07410519240463788,0.07411141920846988,0.07411764705882352,0.07412387595596269,0.07413010590015129,0.07413633689165336,0.07414256893073302,0.07414880201765447,0.07415503615268203,0.07416127133608005,0.07416750756811302,0.0741737448490455,0.07417998317914214,0.07418622255866768,0.07419246298788694,0.07419870446706486,0.07420494699646643,0.07421119057635675,0.07421743520700101,0.07422368088866448,0.07422992762161253,0.07423617540611059,0.07424242424242425,0.07424867413081909,0.07425492507156087,0.07426117706491538,0.07426743011114853,0.07427368421052631,0.07427993936331481,0.07428619556978017,0.07429245283018868,0.07429871114480667,0.07430497051390059,0.07431123093773696,0.0743174924165824,0.07432375495070363,0.07433001854036744,0.0743362831858407,0.07434254888739042,0.07434881564528366,0.07435508345978756,0.07436135233116938,0.07436762225969645,0.07437389324563623,0.0743801652892562,0.07438643839082398,0.07439271255060728,0.0743989877688739,0.07440526404589168,0.07441154138192863,0.07441781977725279,0.0744240992321323,0.07443037974683545,0.07443666132163052,0.07444294395678595,0.07444922765257027,0.07445551240925206,0.07446179822710004,0.07446808510638298,0.07447437304736976,0.07448066205032934,0.07448695211553079,0.07449324324324325,0.07449953543373596,0.07450582868727826,0.07451212300413956,0.07451841838458939,0.07452471482889733,0.07453101233733311,0.07453731091016648,0.07454361054766734,0.07454991125010565,0.07455621301775148,0.07456251585087496,0.07456881974974637,0.074575124714636,0.0745814307458143,0.0745877378435518,0.07459404600811909,0.07460035523978685,0.07460666553882592,0.07461297690550715,0.07461928934010152,0.07462560284288011,0.07463191741411407,0.07463823305407463,0.07464454976303317,0.07465086754126112,0.07465718638902996,0.07466350630661137,0.074669827294277,0.0746761493522987,0.07459779847586791,0.0746041155051232,0.07461043360433604,0.07461675277377827,0.07462307301372184,0.0746293943244388,0.07463571670620128,0.07464204015928154,0.07464836468395188,0.0746546902804847,0.07466101694915254,0.07466734469022798,0.07467367350398373,0.07468000339069254,0.07468633435062733,0.07469266638406104,0.07469899949126675,0.0747053336725176,0.07471166892808684,0.07471800525824782,0.07472434266327396,0.0747306811434388,0.07473702069901594,0.07474336133027912,0.07474970303750213,0.07475604582095885,0.07476238968092329,0.07476873461766953,0.07477508063147173,0.0747814277226042,0.07478777589134125,0.07479412513795738,0.07480047546272711,0.0748068268659251,0.07481317934782608,0.07481953290870488,0.07482588754883641,0.0748322432684957,0.07475365273530411,0.07476000339818198,0.07476635514018691,0.07477270796159402,0.07469408565601632,0.07470043341548398,0.07470678225395207,0.0747131321716957,0.07471948316899014,0.07472583524611069,0.07473218840333276,0.0747385426409319,0.07474489795918367,0.0747512543583638,0.07475761183874809,0.0747639704006124,0.07477033004423274,0.07469162058698427,0.07469797515739322,0.0747043308091551,0.07471068754254595,0.07471704535784189,0.07472340425531915,0.07472976423525407,0.07473612529792305,0.07474248744360262,0.07474885067256938,0.07475521498510004,0.07467643051771117,0.07468278974708337,0.07468915005961506,0.074695511455583,0.07470187393526405,0.07470823749893517,0.07471460214687341,0.07472096787935588,0.07472733469665985,0.07473370259906263,0.07474007158684165,0.07474644166027444,0.0747528128196386,0.07475918506521183,0.07476555839727195,0.07477193281609686,0.07477830832196453,0.07478468491515307,0.07470578202285519,0.07471215351812367,0.07471852610030706,0.07472489976968352,0.0747312745265313,0.07473765037112874,0.07474402730375426,0.07475040532468641,0.07475678443420379,0.07476316463258513,0.07476954592010925,0.07477592829705505,0.07478231176370155,0.07478869632032784,0.07479508196721311,0.07480146870463666,0.07480785653287789,0.07481424545221624,0.07482063546293133,0.07482702656530281,0.07483341875961046,0.07483981204613413,0.0748462064251538,0.0748526018969495,0.0748589984618014,0.07486539611998974,0.07487179487179488,0.07487819471749722,0.07488459565737733,0.07489099769171582,0.07489740082079344,0.07490380504489098,0.07482469642551735,0.07483109552723852,0.07483749572357168,0.07484389701479771,0.0748502994011976,0.07485670288305245,0.0748631074606434,0.07486951313425173,0.07487591990415882,0.07488232777064613,0.07488873673399521,0.07489514679448772,0.07490155795240541,0.07490797020803014,0.07491438356164383,0.07492079801352855,0.07492721356396644,0.0749336302132397,0.0749400479616307,0.07494646680942184,0.07495288675689567,0.0749593078043348,0.07496572995202193,0.07497215320023991,0.07497857754927163,0.07498500299940011,0.07499142955090847,0.07499785720407988,0.07500428595919767,0.07501071581654523,0.07501714677640603,0.0750235788390637,0.07503001200480192,0.07503644627390446,0.07504288164665524,0.07504931812333819,0.07505575570423743,0.07506219438963713,0.07506863417982156,0.07507507507507508,0.07508151707568217,0.0750879601819274,0.07509440439409544,0.07510084971247104,0.07510729613733906,0.07511374366898446,0.0751201923076923,0.07512664205374775,0.07513309290743603,0.07513954486904251,0.07514599793885263,0.07515245211715194,0.07515890740422608,0.07516536380036079,0.07517182130584192,0.07517827992095541,0.07518473964598728,0.07519120048122369,0.07519766242695085,0.07520412548345509,0.07521058965102287,0.07521705492994069,0.07522352132049519,0.07522998882297309,0.07523645743766122,0.0752429271648465,0.07524939800481596,0.07525586995785671,0.07526234302425598,0.07526881720430108,0.07527529249827943,0.07528176890647853,0.07528824642918602,0.07529472506668962,0.07530120481927711,0.07530768568723642,0.07531416767085557,0.07532065077042266,0.0753271349862259,0.07533362031855359,0.07534010676769416,0.0753465943339361,0.07535308301756803,0.07535957281887865,0.07536606373815675,0.07537255577569127,0.07537904893177119,0.07538554320668563,0.07539203860072376,0.07539853511417492,0.0754050327473285,0.07541153150047401,0.07541803137390105,0.07542453236789932,0.07543103448275862,0.07543753771876886,0.07544404207622003,0.07545054755540226,0.07545705415660572,0.07546356188012074,0.07547007072623771,0.07547658069524713,0.07548309178743962,0.07548960400310586,0.07549611734253667,0.07550263180602296,0.07550914739385571,0.07551566410632606,0.07552218194372519,0.0755287009063444,0.07553522099447514,0.07554174220840887,0.07554826454843723,0.07555478801485191,0.07556131260794473,0.0755678383280076,0.07557436517533253,0.07558089315021163,0.07558742225293712,0.0755939524838013,0.0756004838430966,0.07560701633111552,0.07561354994815071,0.07562008469449485,0.0756266205704408,0.07563315757628145,0.07563969571230982,0.07564623497881906,0.07565277537610236,0.07565931690445309,0.07566585956416465,0.07567240335553058,0.07567894827884449,0.07568549433440014,0.07569204152249134,0.07569858984341206,0.07570513929745631,0.07571168988491823,0.07571824160609207,0.07572479446127217,0.07573134845075298,0.07573790357482905,0.07574445983379502,0.07575101722794564,0.07575757575757576,0.07576413542298034,0.07577069622445445,0.07577725816229323,0.07578382123679196,0.075790385448246,0.0757969507969508,0.07580351728320193,0.0758100849072951,0.07581665366952604,0.07582322357019064,0.07582979460958489,0.07583636678800486,0.07584294010574673,0.07584951456310679,0.07585609016038145,0.07586266689786718,0.07586924477586057,0.07587582379465835,0.07588240395455728,0.07588898525585429,0.07589556769884638,0.07590215128383067,0.07590873601110436,0.07591532188096478,0.07592190889370933,0.07592849704963554,0.07593508634904104,0.07594167679222358,0.07594826837948095,0.0759548611111111,0.07596145498741211,0.07596805000868206,0.07597464617521923,0.07598124348732199,0.07598784194528875,0.0759944415494181,0.07600104230000869,0.07600764419735928,0.07601424724176874,0.07602085143353605,0.07602745677296029,0.07603406326034064,0.07604067089597637,0.07604727968016686,0.07605388961321165,0.07606050069541029,0.0760671129270625,0.07607372630846809,0.07608034083992696,0.07608695652173914,0.07609357335420472,0.07610019133762394,0.07610681047229712,0.07611343075852471,0.07612005219660722,0.07612667478684532,0.07613329852953972,0.0761399234249913,0.076146549473501,0.07615317667536989,0.07615980503089913,0.07616643454038997,0.07617306520414381,0.07617969702246213,0.07618632999564649,0.0761929641239986,0.07619959940782026,0.07620623584741334,0.07621287344307986,0.07621951219512195,0.0762261521038418,0.07623279316954173,0.07623943539252417,0.07624607877309167,0.07625272331154684,0.07625936900819244,0.0762660158633313,0.07627266387726639,0.07627931305030076,0.07628596338273758,0.07629261487488011,0.07629926752703174,0.07630592133949594,0.07631257631257632,0.07631923244657654,0.07632588974180042,0.07633254819855186,0.07633920781713488,0.0763458685978536,0.07635919364691508,0.07636585791586664,0.07637252334817142,0.07637918994413408,0.07638585770405937,0.07639252662825213,0.07639919671701738,0.07631854697869368,0.07632521177189765,0.07633187772925765,0.0763385448510787,0.07634521313766597,0.07635188258932471,0.0763585532063603,0.0763652249890782,0.076371897937784,0.07637857205278337,0.0763852473343821,0.07639192378288612,0.0763986013986014,0.07640528018183408,0.07641196013289037,0.07641864125207659,0.07642532353969919,0.07643200699606471,0.0764386916214798,0.07644537741625121,0.07645206438068579,0.07645875251509054,0.07646544181977252,0.07647213229503894,0.07647882394119707,0.0764855167585543,0.07649221074741817,0.07649890590809628,0.07650560224089636,0.07651229974612624,0.07651899842409385,0.07652569827510726,0.07653239929947461,0.07653910149750416,0.0765458048695043,0.0764649207322414,0.07647161878065872,0.07647831800262812,0.07648501839845803,0.07649171996845702,0.07649842271293375,0.07650512663219701,0.07651183172655565,0.07651853799631869,0.07652524544179523,0.07653195406329447,0.07653866386112572,0.07654537483559842,0.0765520869870221,0.07655880031570639,0.07656551482196106,0.07657223050609596,0.07657894736842105,0.07658566540924643,0.07659238462888227,0.07659910502763885,0.0766058266058266,0.07661254936375603,0.07661927330173776,0.07662599842008251,0.07663272471910113,0.07663945219910456,0.07664618086040387,0.0766529107033102,0.07665964172813487,0.07666637393518926,0.07667310732478483,0.0766798418972332,0.0766865776528461,0.07669331459193535,0.07670005271481287,0.0767067920217907,0.07671353251318101,0.07672027418929607,0.07672701705044824,0.07673376109694999,0.07674050632911393,0.07674725274725275,0.07675400035167927,0.0767607491427064,0.0767674991206472,0.07677425028581479,0.07678100263852243,0.07669979769548772,0.07670654468684025,0.07671329286531187,0.07672004223121591,0.07672679278486581,0.07673354452657515,0.07674029745665757,0.07674705157542686,0.0767538068831969,0.07676056338028169,0.07676732106699534,0.07677407994365205,0.0766927885885357,0.07669954209228602,0.07670629678555703,0.07662497798132817,0.07663172729674976,0.07663847780126849,0.07664522949519866,0.07665198237885462,0.07665873645255089,0.07666549171660204,0.07667224817132282,0.07667900581702802,0.07668576465403261,0.07669252468265163,0.07669928590320021,0.07670604831599365,0.07671281192134732,0.07671957671957672,0.07672634271099744,0.0767331098959252,0.07673987827467584,0.07674664784756528,0.07675341861490957,0.07676019057702488,0.07676696373422748,0.07677373808683374,0.07678051363516018,0.07678729037952339,0.07679406832024009,0.07680084745762712,0.07680762779200141,0.07681440932368003,0.07682119205298013,0.07682797598021901,0.07683476110571404,0.07684154742978272,0.0768483349527427,0.07685512367491167,0.07677356656948493,0.07678034988513872,0.07678713439957587,0.07679392011311417,0.07680070702607159,0.07680749513876613,0.07681428445151596,0.07682107496463932,0.0768278666784546,0.07683465959328029,0.07684145370943496,0.07684824902723736,0.07685504554700628,0.07686184326906068,0.0768686421937196,0.0768754423213022,0.07688224365212776,0.07688904618651567,0.07689584992478542,0.07690265486725664,0.07690946101424904,0.0769162683660825,0.07692307692307693,0.07692988668555241,0.07693669765382913,0.07694350982822738,0.07695032320906757,0.07695713779667021,0.07696395359135595,0.07697077059344552,0.0769775888032598,0.07698440822111978,0.07699122884734651,0.0769980506822612,0.0770048737261852,0.07701169797943991,0.07701852344234689,0.07702535011522779,0.0770321779984044,0.07703900709219857,0.07704583739693235,0.07705266891292782,0.07705950164050723,0.0770663355799929,0.07707317073170732,0.07708000709597304,0.07708684467311275,0.07709368346344926,0.07710052346730548,0.07710736468500444,0.07711420711686928,0.07712105076322329,0.0771278956243898,0.07713474170069234,0.0771415889924545,0.0771484375,0.07715528722365267,0.07716213816373646,0.07716899032057543,0.07717584369449379,0.0771826982858158,0.07718955409486587,0.07719641112196855,0.07720326936744847,0.07721012883163039,0.07721698951483917,0.0772238514173998,0.0772307145396374,0.07723757888187717,0.07724444444444445,0.07725131122766468,0.07725817923186344,0.07717613585845114,0.07718299839943091,0.07718986216096042,0.07719672714336535,0.07720359334697145,0.07721046077210461,0.07721732941909083,0.07722419928825623,0.07723107037992703,0.07723794269442961,0.07724481623209041,0.07725169099323603,0.07725856697819315,0.07717642869859355,0.07718329920769162,0.07719017094017094,0.0771970438963583,0.07720391807658059,0.07721079348116484,0.07721767011043819,0.07722454796472789,0.0772314270443613,0.07723830734966593,0.07724518888096935,0.0772520716385993,0.07725895562288362,0.07726584083415025,0.07727272727272727,0.07727961493894286,0.07728650383312534,0.0772933939556031,0.07730028530670471,0.07730717788675881,0.07731407169609417,0.07732096673503969,0.07732786300392437,0.07733476050307733,0.07734165923282783,0.07734855919350522,0.07735546038543897,0.07736236280895868,0.07736926646439407,0.07737617135207496,0.07738307747233131,0.07738998482549317,0.07739689341189074,0.07740380323185429,0.07741071428571429,0.07741762657380123,0.0774245400964458,0.07743145485397875,0.07743837084673097,0.0774452880750335,0.07745220653921744,0.07745912623961404,0.07746604717655468,0.07747296935037083,0.0774798927613941,0.07748681740995621,0.07749374329638899,0.0775006704210244,0.07750759878419453,0.07751452838623156,0.07752145922746781,0.07752839130823572,0.07753532462886782,0.0775422591896968,0.07754919499105546,0.07755613203327667,0.0775630703166935,0.07757000984163909,0.07757695060844667,0.07758389261744966,0.07759083586898156,0.077597780363376,0.0776047261009667,0.07761167308208755,0.07761862130707252,0.0776255707762557,0.07763252148997135,0.07763947344855378,0.07764642665233745,0.07765338110165697,0.077660336796847,0.07766729373824241,0.0776742519261781,0.07768121136098916,0.07768817204301075,0.07769513397257818,0.07770209715002689,0.07770906157569239,0.07771602724991036,0.07772299417301659,0.07772996234534696,0.07773693176723752,0.07774390243902439,0.07775087436104386,0.07775784753363228,0.0777648219571262,0.07777179763186222,0.07777877455817708,0.07778575273640768,0.07779273216689098,0.0777997128499641,0.07780669478596429,0.07781367797522887,0.07782066241809532,0.07782764811490125,0.07783463506598438,0.07784162327168252,0.07784861273233366,0.07785560344827586,0.07786259541984733,0.07786958864738638,0.07787658313123147,0.07788357887172116,0.07789057586919414,0.07789757412398922,0.07790457363644532,0.07791157440690151,0.07791857643569695,0.07792557972317095,0.07793258426966292,0.0779395900755124,0.07794659714105907,0.07795360546664269,0.07796061505260318,0.07796762589928058,0.07797463800701501,0.0779816513761468,0.07798866600701627,0.07799568189996402,0.07800269905533064,0.0780097174734569,0.0780167371546837,0.07802375809935205,0.07803078030780308,0.07803780378037804,0.07804482851741831,0.0780518545192654,0.07805888178626091,0.07806591031874663,0.07807294011706438,0.0780799711815562,0.07808700351256417,0.07809403711043056,0.0781010719754977,0.0781081081081081,0.07811514550860438,0.07812218417732925,0.07812922411462557,0.07813626532083634,0.07814330779630464,0.07815035154137372,0.07815739655638691,0.0781644428416877,0.0781714903976197,0.0781785392245266,0.07818558932275228,0.07819264069264069,0.07819969333453594,0.07820674724878225,0.07821380243572396,0.07822085889570553,0.07822791662907155,0.07823497563616676,0.07824203591733599,0.07824909747292419,0.07825616030327646,0.07826322440873804,0.07827028978965424,0.07827735644637053,0.07828442437923251,0.07829149358858588,0.07829856407477648,0.07830563583815028,0.07831270887905338,0.07831978319783198,0.07832685879483242,0.07833393567040116,0.07834101382488479,0.07834809325863004,0.07835517397198373,0.07836225596529284,0.07836933923890446,0.0783764237931658,0.07838350962842419,0.07839059674502713,0.07839768514332218,0.07840477482365708,0.07841186578637967,0.07841895803183792,0.07842605156037992,0.07843314637235389,0.07844024246810821,0.07844733984799131,0.07845443851235183,0.07846153846153846,0.07846863969590008,0.07847574221578567,0.07848284602154432,0.07848995111352526,0.07849705749207786,0.07850416515755161,0.07851127411029611,0.07851838435066111,0.07852549587899647,0.07853260869565218,0.07853972280097835,0.07854683819532524,0.07855395487904322,0.07856107285248279,0.07856819211599456,0.07857531266992931,0.07858243451463791,0.07858955765047136,0.0785966820777808,0.0786038077969175,0.07861093480823284,0.07861806311207835,0.07862519270880566,0.07863232359876655,0.07863945578231292,0.07864658925979681,0.07865372403157035,0.07866086009798584,0.0786679974593957,0.07867513611615246,0.07868227606860877,0.07868941731711744,0.0786965598620314,0.0787037037037037,0.07871084884248751,0.07871799527873616,0.07872514301280305,0.07873229204504177,0.07873944237580602,0.07874659400544959,0.07875374693432646,0.07876090116279069,0.0787680566911965,0.07877521351989823,0.07878237164925034,0.07878953107960741,0.07879669181132419,0.0788038538447555,0.07881101718025633,0.07881818181818182,0.07882534775888717,0.07883251500272777,0.0788396835500591,0.07884685340123682,0.07885402455661665,0.07886119701655449,0.07886837078140635,0.07887554585152838,0.07888272222727687,0.07879890809827116,0.0788060788060788,0.07881325081907535,0.07882042413761718,0.0788275987620608,0.07883477469276286,0.07884195193008012,0.07884913047436948,0.07885631032598799,0.07886349148529277,0.07887067395264116,0.07887785772839057,0.07888504281289853,0.07889222920652272,0.07889941690962099,0.07890660592255125,0.07891379624567159,0.0789209878793402,0.07892818082391542,0.07893537507975572,0.07894257064721968,0.07894976752666606,0.07895696571845369,0.07896416522294156,0.07897136604048878,0.07897856817145463,0.07898577161619846,0.07899297637507982,0.07900018244845831,0.07900738983669373,0.07901459854014599,0.07902180855917511,0.07902901989414127,0.07903623254540476,0.07904344651332604,0.07905066179826563,0.07905787840058426,0.07906509632064275,0.07907231555880205,0.07907953611542325,0.07908675799086758,0.07909398118549639,0.07910120569967118,0.07910843153375353,0.07911565868810524,0.07912288716308817,0.07913011695906433,0.07913734807639587,0.07914458051544507,0.07915181427657435,0.07915904936014626,0.07916628576652344,0.07917352349606875,0.0791807625491451,0.07918800292611558,0.0791952446273434,0.07920248765319188,0.07920973200402451,0.0792169776802049,0.07922422468209679,0.07923147301006404,0.07923872266447067,0.07924597364568083,0.07925322595405876,0.07926047958996889,0.07926773455377574,0.07927499084584401,0.0792822484665385,0.07928950741622413,0.079296767695266,0.0793040293040293,0.07931129224287939,0.07931855651218171,0.07932582211230191,0.07924148039574935,0.07924874026568941,0.07925600146600696,0.07926326399706772,0.07927052785923754,0.0792777930528824,0.07928505957836847,0.07920066000550005,0.07920792079207921,0.07921518291005776,0.07922244635980194,0.07922971114167814,0.07923697725605282,0.07924424470329267,0.07925151348376444,0.07925878359783506,0.07926605504587156,0.07927332782824112,0.07928060194531107,0.07928787739744884,0.07929515418502203,0.07930243230839835,0.07930971176794566,0.07931699256403195,0.07932427469702534,0.07933155816729409,0.07933884297520662,0.07934612912113141,0.07935341660543718,0.0793607054284927,0.0792761344846592,0.07928341754708314,0.0792907019478133,0.0792979876872186,0.07930527476566808,0.07931256318353093,0.07931985294117647,0.07932714403897417,0.07933443647729362,0.07934173025650455,0.07934902537697683,0.07935632183908047,0.07936361964318558,0.07937091878966247,0.07937821927888153,0.07938552111121332,0.07939282428702851,0.07940012880669794,0.07940743467059257,0.07941474187908347,0.07942205043254187,0.07942936033133917,0.07943667157584683,0.07944398416643653,0.07945129810348002,0.07945861338734923,0.0794659300184162,0.07947324799705313,0.07948056732363235,0.0794878879985263,0.07949521002210759,0.07950253339474897,0.07950985811682329,0.07951718418870359,0.07952451161076299,0.07953184038337481,0.07953917050691245,0.07954650198174947,0.07955383480825959,0.07956116898681663,0.07956850451779458,0.07957584140156754,0.07958317963850978,0.07959051922899567,0.07959786017339975,0.07960520247209667,0.07961254612546126,0.07961989113386844,0.0796272374976933,0.07963458521731107,0.07964193429309709,0.07964928472542686,0.07965663651467601,0.07966398966122035,0.07967134416543574,0.07967870002769828,0.07968605724838412,0.07969341582786961,0.07970077576653121,0.07970813706474554,0.07971549972288934,0.0797228637413395,0.07973022912047302,0.0797375958606671,0.07974496396229902,0.07975233342574624,0.07975970425138632,0.079767076439597,0.07977444999075614,0.07978182490524174,0.07978920118343195,0.07979657882570504,0.07980395783243943,0.07981133820401369,0.07981871994080651,0.07973360466191842,0.07974098057354302,0.07974835784993986,0.07975573649148779,0.07976311649856574,0.07977049787155284,0.07977788061082831,0.07978526471677157,0.0797926501897621,0.0798000370301796,0.07980742523840385,0.07981481481481481,0.07982220575979257,0.07982959807371735,0.07983699175696952,0.0798443868099296,0.07985178323297823,0.0798591810264962,0.07986658019086446,0.07987398072646405,0.07988138263367621,0.0798887859128823,0.0798961905644638,0.07990359658880238,0.07991100398627977,0.07991841275727796,0.07992582290217895,0.07993323442136499,0.0799406473152184,0.07994806158412168,0.07995547722845747,0.07996289424860853,0.07997031264495778,0.07997773241788829,0.07998515356778324,0.07999257609502598,0.08,0.08000742528308892,0.0800148519446765,0.08002227998514667,0.08002970940488348,0.08003714020427112,0.08004457238369393,0.0800520059435364,0.08005944088418315,0.08006687720601895,0.07998142127264282,0.07998885172798216,0.07999628356406206,0.08000371678126743,0.08001115137998327,0.08001858736059479,0.08002602472348731,0.08003346346904629,0.08004090359765734,0.08004834510970621,0.0800557880055788,0.08006323228566115,0.08007067795033944,0.080078125,0.0800855734350293,0.08009302325581395,0.08010047446274073,0.0801079270561965,0.08011538103656834,0.08012283640424343,0.08013029315960912,0.08013775130305287,0.0801452108349623,0.08015267175572519,0.08016013406572944,0.08016759776536313,0.08017506285501444,0.08018252933507171,0.08018999720592344,0.08019746646795826,0.08020493712156497,0.08021240916713247,0.08021988260504985,0.0802273574357063,0.08023483365949119,0.08024231127679403,0.08024979028800447,0.08025727069351231,0.08026475249370747,0.08027223568898005,0.08027972027972027,0.08028720626631854,0.08029469364916535,0.08030218242865136,0.08030967260516743,0.08031716417910448,0.08032465715085363,0.08033215152080612,0.08033964728935336,0.0803471444568869,0.08035464302379841,0.08036214299047975,0.08036964435732288,0.08037714712471994,0.0803846512930632,0.0803921568627451,0.08039966383415818,0.08040717220769518,0.08041468198374895,0.0804221931627125,0.08042970574497899,0.0804372197309417,0.08044473512099411,0.08045225191552981,0.08045977011494253,0.08046728971962616,0.08047481072997477,0.0804823331463825,0.08048985696924371,0.08049738219895287,0.08050490883590462,0.08051243688049374,0.08051996633311512,0.08052749719416386,0.08053502946403517,0.08054256314312441,0.08055009823182711,0.08055763473053892,0.08056517263965565,0.08057271195957327,0.08058025269068789,0.08058779483339573,0.08059533838809323,0.08060288335517693,0.08061042973504354,0.08061797752808988,0.08062552673471299,0.08063307735530999,0.08064062939027816,0.08064818284001499,0.08065573770491803,0.08066329398538505,0.08067085168181393,0.0806784107946027,0.08068597132414956,0.08069353327085285,0.08070109663511107,0.08070866141732283,0.08071622761788694,0.08072379523720233,0.08073136427566807,0.08073893473368342,0.08074650661164776,0.08075407990996061,0.08076165462902167,0.08076923076923077,0.0807768083309879,0.08078438731469319,0.08079196772074693,0.08079954954954954,0.08080713280150165,0.08081471747700394,0.08082230357645734,0.08082989110026285,0.08074359215097174,0.08075117370892018,0.08075875669076908,0.0807663410969196,0.08077392692777308,0.08078151418373097,0.08078910286519493,0.08079669297256671,0.08080428450624824,0.0808118774666416,0.08081947185414905,0.08082706766917293,0.0808346649121158,0.08084226358338034,0.08084986368336937,0.0808574652124859,0.08086506817113305,0.08087267255971413,0.08088027837863256,0.08088788562829195,0.08089549430909604,0.08090310442144873,0.08091071596575407,0.08091832894241625,0.08092594335183965,0.08093355919442875,0.08094117647058824,0.08094879518072289,0.08095641532523769,0.08096403690453775,0.08097165991902834,0.08097928436911488,0.08098691025520294,0.08099453757769824,0.08100216633700669,0.08100979653353428,0.08101742816768724,0.08102506123987187,0.08103269575049468,0.0810403316999623,0.08104796908868156,0.08105560791705937,0.08106324818550288,0.08107088989441931,0.08107853304421608,0.08108617763530078,0.0810938236680811,0.08110147114296491,0.08110912006036028,0.08111677042067535,0.08112442222431845,0.08113207547169811,0.08113973016322294,0.08114738629930175,0.08115504388034349,0.08116270290675727,0.08117036337895234,0.08117802529733811,0.08118568866232417,0.08119335347432025,0.0812010197337362,0.08120868744098206,0.08121635659646803,0.08122402720060445,0.08123169925380183,0.0812393727564708,0.0812470477090222,0.08125472411186697,0.08126240196541623,0.08127008127008127,0.08127776202627351,0.08128544423440454,0.08129312789488609,0.08130081300813008,0.08130849957454855,0.08131618759455371,0.08132387706855793,0.0813315679969737,0.08133926038021375,0.08134695421869088,0.08135464951281808,0.08136234626300852,0.08137004446967547,0.0813777441332324,0.08138544525409293,0.08139314783267083,0.08140085186938002,0.0814085573646346,0.08141626431884881,0.08142397273243704,0.08143168260581385,0.08143939393939394,0.08144710673359219,0.08145482098882365,0.08146253670550346,0.08147025388404698,0.08147797252486973,0.08148569262838734,0.08149341419501563,0.08150113722517058,0.08150886171926831,0.08151658767772511,0.08152431510095744,0.08153204398938187,0.0815397743434152,0.08145268348188887,0.08146040777619724,0.0814681335356601,0.0814758607606943,0.08148358945171694,0.08149131960914524,0.08149905123339658,0.0815067843248885,0.08151451888403871,0.08152225491126507,0.08152999240698558,0.08153773137161842,0.08154547180558193,0.0815532137092946,0.08156095708317508,0.08156870192764219,0.08157644824311491,0.08158419603001235,0.0815919452887538,0.08159969601975872,0.0816074482234467,0.08161520190023754,0.08162295705055111,0.08163071367480756,0.0816384717734271,0.08164623134683015,0.08165399239543726,0.08166175491966916,0.08166951891994675,0.08167728439669107,0.08168505135032332,0.08169281978126486,0.08170058968993722,0.0817083610767621,0.08171613394216135,0.08172390828655694,0.08173168411037107,0.08173946141402608,0.08174724019794442,0.08175502046254877,0.08176280220826194,0.0817705854355069,0.08177837014470678,0.08178615633628487,0.08179394401066463,0.08180173316826969,0.0818095238095238,0.08181731593485093,0.08182510954467517,0.08173763932552158,0.08174542682926829,0.08175321581705575,0.08176100628930817,0.08176879824645002,0.08177659168890583,0.08178438661710037,0.08179218303145853,0.08179998093240538,0.08180778032036613,0.0818155811957662,0.08182338355903108,0.08183118741058655,0.08183899275085844,0.08184679958027283,0.08185460789925587,0.08186241770823395,0.08187022900763359,0.08187804179788148,0.08188585607940446,0.08189367185262957,0.08190148911798396,0.08190930787589498,0.08191712812679015,0.08192494987109711,0.0819327731092437,0.08194059784165791,0.08194842406876791,0.08195625179100201,0.08196408100878869,0.0819719117225566,0.08197974393273456,0.08198757763975155,0.08199541284403669,0.0820032495460193,0.08201108774612885,0.08201892744479496,0.08202676864244741,0.0820346113395162,0.08204245553643144,0.0820503012336234,0.08205814843152257,0.08206599713055954,0.0820738473311651,0.0820816990337702,0.08208955223880597,0.08209740694670367,0.08210526315789474,0.0821131208728108,0.08212098009188361,0.08212884081554513,0.08213670304422746,0.08214456677836285,0.08215243201838376,0.08216029876472278,0.08216816701781268,0.0821760367780864,0.08218390804597701,0.0821917808219178,0.08219965510634221,0.08220753089968381,0.08221540820237638,0.08222328701485386,0.08223116733755031,0.08223904917090002,0.08224693251533742,0.0822548173712971,0.08226270373921381,0.08227059161952248,0.0821825853471423,0.08219046705667978,0.08219835027815078,0.08220623501199041,0.08221412125863392,0.08222200901851674,0.08222989829207446,0.08223778907974283,0.08224568138195777,0.0822535751991554,0.08226147053177194,0.08226936738024383,0.08227726574500768,0.08228516562650023,0.08229306702515844,0.08230096994141937,0.08230887437572032,0.0823167803284987,0.08232468780019213,0.08233259679123835,0.08234050730207533,0.08234841933314116,0.08235633288487411,0.08236424795771263,0.08237216455209535,0.08238008266846102,0.08229186694866372,0.0822997788674166,0.0823076923076923,0.0823156072699298,0.08232352375456818,0.08233144176204675,0.08233936129280492,0.08234728234728235,0.0823552049259188,0.08236312902915424,0.08237105465742879,0.08237898181118275,0.0823869104908566,0.08239484069689094,0.08240277242972661,0.08241070568980456,0.08241864047756596,0.0824265767934521,0.08243451463790447,0.08244245401136473,0.08245039491427471,0.08245833734707639,0.08246628131021194,0.08247422680412371,0.08248217382925419,0.08249012238604607,0.08249807247494217,0.08250602409638554,0.08251397725081935,0.08252193193868698,0.08252988816043193,0.08253784591649793,0.08254580520732883,0.0825537660333687,0.08256172839506173,0.08256969229285233,0.08257765772718503,0.08258562469850458,0.08259359320725589,0.08260156325388401,0.08260953483883421,0.08261750796255188,0.08262548262548262,0.0826334588280722,0.08264143657076656,0.08264941585401178,0.08265739667825416,0.08266537904394013,0.08267336295151632,0.08268134840142954,0.08268933539412673,0.08269732393005506,0.08270531400966183,0.08271330563339453,0.08272129880170082,0.08272929351502852,0.08273728977382563,0.08274528757854036,0.08275328692962104,0.0827612878275162,0.08276929027267453,0.08277729426554492,0.0827852998065764,0.08279330689621821,0.08280131553491972,0.0828093257231305,0.08281733746130031,0.08282535074987905,0.08283336558931682,0.08284138198006387,0.08275261324041812,0.08276062336656664,0.08276863504356244,0.08277664827185593,0.08278466305189776,0.08279267938413866,0.08270385434824715,0.08271186440677966,0.08271987601704765,0.08272788917950208,0.08273590389459407,0.08274392016277493,0.08275193798449612,0.08275995736020932,0.08276797829036635,0.08277600077541922,0.08278402481582009,0.08279205041202133,0.08280007756447547,0.08280810627363522,0.08281613653995346,0.08282416836388323,0.08283220174587778,0.08284023668639054,0.08284827318587505,0.0828563112447851,0.08286435086357462,0.08287239204269772,0.08288043478260869,0.08288847908376201,0.08279945641622986,0.08280749441801767,0.08281553398058253,0.08282357510437907,0.0828316177898621,0.08283966203748665,0.08284770784770784,0.08285575522098106,0.0828638041577618,0.08287185465850579,0.08287990672366886,0.08288796035370712,0.08289601554907677,0.08290407231023424,0.08291213063763608,0.08292019053173909,0.08292825199300019,0.08293631502187652,0.08294437961882536,0.08295244578430419,0.08296051351877066,0.08296858282268262,0.08297665369649805,0.08298472614067516,0.08299280015567231,0.08300087574194803,0.08300895289996107,0.08301703163017031,0.08302511193303484,0.08303319380901392,0.08304127725856698,0.08304936228215364,0.08305744888023368,0.08306553705326711,0.08307362680171407,0.08298431869095159,0.08299240210403273,0.0830004870920604,0.08300857365549494,0.08301666179479684,0.08302475151042682,0.08303284280284573,0.08304093567251462,0.08304903011989473,0.08305712614544745,0.08306522374963439,0.08307332293291732,0.08308142369575816,0.08308952603861908,0.08309762996196235,0.08310573546625048,0.08311384255194615,0.0831219512195122,0.08313006146941165,0.08313817330210772,0.08314628671806383,0.0831544017177435,0.08316251830161055,0.08317063647012886,0.08317875622376257,0.08318687756297598,0.08319500048823357,0.083203125,0.08321125109874011,0.08321937878491893,0.08322750805900166,0.08323563892145369,0.0832437713727406,0.08325190541332812,0.0832600410436822,0.08326817826426897,0.08327631707555469,0.08328445747800586,0.08329259947208915,0.08330074305827141,0.08330888823701965,0.0833170350088011,0.08332518337408312,0.08333333333333333,0.08334148488701947,0.08334963803560946,0.08335779277957148,0.08336594911937378,0.08337410705548488,0.08338226658837346,0.08339042771850837,0.08339859044635865,0.08340675477239354,0.08341492069708244,0.08342308822089493,0.08343125734430082,0.08343942806777005,0.08344760039177278,0.08345577431677931,0.0834639498432602,0.0834721269716861,0.08348030570252793,0.08348848603625673,0.08349666797334379,0.08350485151426051,0.08351303665947854,0.08352122340946966,0.08352941176470588,0.08353760172565938,0.08354579329280251,0.08355398646660783,0.08356218124754806,0.08357037763609612,0.08357857563272514,0.08358677523790836,0.08359497645211932,0.08360317927583162,0.08361138370951914,0.08361958975365591,0.08362779740871613,0.08363600667517423,0.0836442175535048,0.08365243004418262,0.08366064414768264,0.08366885986448001,0.08367707719505009,0.08368529613986839,0.08369351669941061,0.08370173887415266,0.08370996266457065,0.08371818807114081,0.08372641509433962,0.08373464373464373,0.08374287399252998,0.08375110586847538,0.08375933936295714,0.08376757447645267,0.08377581120943953,0.08378404956239552,0.08379228953579858,0.08380053113012688,0.08380877434585875,0.0838170191834727,0.08382526564344746,0.08383351372626192,0.0838417634323952,0.08385001476232655,0.08385826771653543,0.08386652229550152,0.08387477849970466,0.08388303632962489,0.08389129578574242,0.08389955686853767,0.08390781957849124,0.08391608391608392,0.08392434988179669,0.08393261747611072,0.08394088669950739,0.08394915755246822,0.08395743003547497,0.08396570414900956,0.08397397989355411,0.08398225726959094,0.08399053627760253,0.08399881691807158,0.08400709919148097,0.08401538309831377,0.08402366863905325,0.08403195581418285,0.08404024462418623,0.08404853506954721,0.0840568271507498,0.08406512086827825,0.08407341622261694,0.08408171321425047,0.08409001184366365,0.08409831211134143,0.084106614017769,0.08411491756343173,0.08412322274881516,0.08413152957440506,0.08413983804068734,0.08414814814814815,0.0841564598972738,0.08416477328855082,0.08417308832246592,0.08418140499950598,0.0841897233201581,0.08419804328490958,0.08420636489424788,0.08421468814866068,0.08422301304863583,0.08423133959466139,0.08423966778722562,0.08424799762681696,0.08425632911392406,0.0842646622490357,0.08427299703264095,0.08428133346522901,0.08428967154728928,0.08429801127931137,0.08430635266178507,0.08431469569520039,0.08432304038004751,0.08433138671681678,0.08433973470599881,0.08434808434808434,0.08435643564356436,0.08436478859292999,0.0843731431966726,0.08438149945528375,0.08438985736925515,0.08439821693907876,0.08440657816524669,0.08441494104825126,0.08442330558858502,0.08443167178674066,0.0844400396432111,0.08444840915848945,0.084456780333069,0.08446515316744324,0.08447352766210589,0.08448190381755082,0.08449028163427211,0.08449866111276406,0.08450704225352113,0.08451542505703799,0.08452380952380953,0.08453219565433079,0.08454058344909704,0.08454897290860375,0.08455736403334657,0.08456575682382134,0.08457415128052412,0.08458254740395116,0.0845909451945989,0.08459934465296395,0.08460774577954319,0.08461614857483364,0.08462455303933254,0.0846329591735373,0.08464136697794555,0.08464977645305514,0.08465818759936407,0.08466660041737056,0.08467501490757305,0.08458403737203062,0.08459244532803181,0.08460085495576102,0.08460926625571684,0.08461767922839813,0.08462609387430389,0.08463451019393337,0.08464292818778596,0.08465134785636129,0.08465976920015918,0.08466819221967964,0.08467661691542289,0.08468504328788934,0.08469347133757962,0.08470190106499452,0.08471033247063507,0.08471876555500249,0.08472720031859816,0.08473563676192372,0.08474407488548098,0.08475251468977194,0.0847609561752988,0.084769399342564,0.08477784419207013,0.08478629072432002,0.08479473893981666,0.08480318883906328,0.08481164042256328,0.08482009369082029,0.08482854864433811,0.08483700528362077,0.08484546360917249,0.08485392362149766,0.08486238532110092,0.08487084870848709,0.08487931378416118,0.08488778054862843,0.08489624900239426,0.08490471914596429,0.08491319097984434,0.08492166450454046,0.08493013972055888,0.08493861662840603,0.08484727490517069,0.08485574523310373,0.08486421725239617,0.08487269096355467,0.08488116636708608,0.08488964346349745,0.08489812225329604,0.08490660273698931,0.08491508491508491,0.08492356878809072,0.08493205435651478,0.0849405416208654,0.08494903058165101,0.08495752123938032,0.08496601359456217,0.08497450764770569,0.08498300339932013,0.08499150084991501,0.085,0.085008500850085,0.08501700340068014,0.08502550765229569,0.08503401360544217,0.08504252126063032,0.08505103061837102,0.08505954167917543,0.08506805444355485,0.08507656891202083,0.08508508508508508,0.08509360296325959,0.08510212254705647,0.08511064383698809,0.08511916683356699,0.08512769153730596,0.08513621794871795,0.08514474606831614,0.08515327589661391,0.08516180743412484,0.08517034068136273,0.08517887563884156,0.08508719182200841,0.08509572015635963,0.08510425020048115,0.08511278195488722,0.08512131542009224,0.08512985059661085,0.08513838748495788,0.08514692608564838,0.08515546639919759,0.08516400842612097,0.08517255216693419,0.0851810976221531,0.0851896447922938,0.08519819367787256,0.08520674427940586,0.08521529659741042,0.08522385063240313,0.08523240638490111,0.08524096385542168,0.08524952304448238,0.08525808395260093,0.08526664658029527,0.08527521092808357,0.08528377699648418,0.08529234478601568,0.08530091429719683,0.08530948553054662,0.08531805848658426,0.08532663316582914,0.08533520956880089,0.0853437876960193,0.08535236754800442,0.08536094912527649,0.08526897938662645,0.08527755430410297,0.08528613094639445,0.08529470931402132,0.08530328940750427,0.08531187122736418,0.08532045477412215,0.08532904004829946,0.08533762705041763,0.0853462157809984,0.08535480624056366,0.0853633984296356,0.08537199234873653,0.08538058799838905,0.0853891853791159,0.08539778449144009,0.08540638533588478,0.0854149879129734,0.08542359222322958,0.08543219826717711,0.08544080604534005,0.08544941555824265,0.08545802680640935,0.08546663979036484,0.08547525451063401,0.08548387096774193,0.08549248916221393,0.08550110909457552,0.08550973076535243,0.08551835417507059,0.08552697932425618,0.08553560621343555,0.08554423484313528,0.08555286521388217,0.0855614973262032,0.08557013118062563,0.08557876677767685,0.08558740411788454,0.08559604320177652,0.08560468402988088,0.0856133266027259,0.08562197092084006,0.08563061698475209,0.08563926479499091,0.08564791435208564,0.08565656565656565,0.0856652187089605,0.08567387350979996,0.08568253005961403,0.08559013742926434,0.0855987872662961,0.08560743885182939,0.08561609218639442,0.08562474727052163,0.08563340410474168,0.08564206268958544,0.08565072302558398,0.08565938511326861,0.08566804895317083,0.08567671454582237,0.08568538189175519,0.08569405099150142,0.08570272184559344,0.08571139445456386,0.08572006881894545,0.08572874493927125,0.08573742281607451,0.08574610244988864,0.08575478384124734,0.08576346699068449,0.08577215189873418,0.08578083856593073,0.08578952699280867,0.08579821717990276,0.08580690912774795,0.08581560283687943,0.08582429830783261,0.08583299554114308,0.0858416945373467,0.08585039529697952,0.0858590978205778,0.08586780210867802,0.0858765081618169,0.08588521598053134,0.08589392556535848,0.0859026369168357,0.08591135003550056,0.08592006492189085,0.08592878157654459,0.0859375,0.08594622019279553,0.08595494215546987,0.08596366588856186,0.08597239139261063,0.08598111866815551,0.08598984771573603,0.08599857853589196,0.08600731112916328,0.08601604549609018,0.08602478163721308,0.08603351955307263,0.08604225924420968,0.0860510007111653,0.0860597439544808,0.0860684889746977,0.08607723577235772,0.08608598434800284,0.08609473470217524,0.0861034868354173,0.08611224074827166,0.08612099644128114,0.08612975391498881,0.0860368148072816,0.08604556550040683,0.08605431797375648,0.08606307222787385,0.08607182826330247,0.08608058608058608,0.08608934568026864,0.08609810706289436,0.08610687022900763,0.08611563517915309,0.0861244019138756,0.08613317043372022,0.08614194073923226,0.08615071283095722,0.08615948670944087,0.08606640863719699,0.08607517571559539,0.0860839445802771,0.08609271523178808,0.08610148767067455,0.08611026189748293,0.08611903791275989,0.08612781571705229,0.08613659531090724,0.08614537669487206,0.08615415986949429,0.0861629448353217,0.0861717315929023,0.0861805201427843,0.08618931048551612,0.08619810262164644,0.08620689655172414,0.08621569227629834,0.08622448979591837,0.08623328911113379,0.08624209022249439,0.08625089313055016,0.08625969783585137,0.08626850433894845,0.08627731264039208,0.08628612274073318,0.08629493464052287,0.08630374834031253,0.08631256384065372,0.08632138114209828,0.0863302002451982,0.08633902115050578,0.08634784385857347,0.08635666836995401,0.08636549468520033,0.08637432280486558,0.08638315272950317,0.0863919844596667,0.08640081799591003,0.0864096533387872,0.08641849048885253,0.08642732944666053,0.08643617021276596,0.08644501278772379,0.08645385717208921,0.08646270336641768,0.08647155137126483,0.08648040118718657,0.086489252814739,0.08649810625447846,0.08650696150696151,0.08651581857274496,0.08652467745238583,0.08653353814644137,0.08654240065546907,0.08655126498002663,0.086560131120672,0.08656899907796332,0.08657786885245902,0.0865867404447177,0.08659561385529822,0.08660448908475966,0.08661336613366134,0.08662224500256278,0.08663112569202379,0.08664000820260433,0.08664889253486464,0.0866577786893652,0.08666666666666667,0.08667555646732998,0.08668444809191629,0.08669334154098697,0.08670223681510363,0.08671113391482811,0.0867200328407225,0.08672893359334907,0.08673783617327037,0.08674674058104917,0.08675564681724846,0.08676455488243145,0.08677346477716164,0.08678237650200267,0.08679129005751848,0.08680020544427323,0.0868091226628313,0.08681804171375732,0.08682696259761612,0.08683588531497277,0.0868448098663926,0.08685373625244115,0.08686266447368421,0.08687159453068778,0.0868805264240181,0.08678663239074551,0.08679555738379267,0.08680448421269156,0.08681341287800864,0.08682234338031067,0.08683127572016461,0.08684020989813766,0.08684914591479728,0.08685808377071112,0.08686702346644709,0.08687596500257334,0.08688490837965822,0.08689385359827036,0.08690280065897858,0.08691174956235197,0.08692070030895983,0.08692965289937171,0.0869386073341574,0.08694756361388689,0.08695652173913043,0.08696548171045852,0.08697444352844189,0.08698340719365145,0.08699237270665842,0.08700134006803423,0.08701030927835052,0.0870192803381792,0.0870282532480924,0.08703722800866247,0.08704620462046204,0.08705518308406394,0.08706416340004126,0.0870731455689673,0.0870821295914156,0.08709111546795996,0.08710010319917441,0.0871090927856332,0.08711808422791081,0.08712707752658201,0.08713607268222176,0.08714506969540527,0.08715406856670797,0.08716306929670557,0.08717207188597398,0.08718107633508936,0.0871900826446281,0.08719909081516686,0.08720810084728249,0.08721711274155214,0.08722612649855312,0.08723514211886305,0.08724415960305974,0.08725317895172129,0.08726220016542598,0.08727122324475235,0.08728024819027921,0.08728927500258558,0.08719486967314853,0.087203889521051,0.08721291123525761,0.08722193481634764,0.08723096026490067,0.08723998758149643,0.08724901676671497,0.08725804782113653,0.08726708074534162,0.08727611553991096,0.08728515220542556,0.08729419074246661,0.0871996685998343,0.08720870015535992,0.08721773358193495,0.08722676888014089,0.08723580605055947,0.08724484509377267,0.0872538860103627,0.087262928800912,0.08727197346600332,0.08728102000621955,0.08729006842214389,0.08729911871435977,0.08730817088345084,0.08731722493000103,0.08732628085459448,0.08733533865781558,0.08734439834024896,0.08735345990247952,0.0872587673791243,0.08726782193628722,0.08727687837276879,0.08728593668915413,0.08729499688602865,0.087304058963978,0.08731312292358805,0.08732218876544491,0.087331256490135,0.08734032609824488,0.08734939759036145,0.08735847096707178,0.08736754622896323,0.08737662337662337,0.08738570241064007,0.08729993764290168,0.08730901153726224,0.08731808731808732,0.08732716498596528,0.08733624454148471,0.08734532598523448,0.08735440931780367,0.0873634945397816,0.08737258165175785,0.08738167065432227,0.08739076154806492,0.08739985433357611,0.08740894901144641,0.08741804558226662,0.08742714404662781,0.08743624440512127,0.08744534665833854,0.08735033836543467,0.08735943356934611,0.08736853066749974,0.0873776296604874,0.08738673054890116,0.08739583333333334,0.0874049380143765,0.08741404459262346,0.0874231530686673,0.08743226344310129,0.08744137571651903,0.08745048988951427,0.08745960596268113,0.08746872393661384,0.087477843811907,0.08748696558915536,0.08749608926895401,0.0875052148518982,0.0875143423385835,0.08752347172960567,0.08753260302556078,0.08754173622704507,0.08755087133465511,0.08756000834898768,0.0875691472706398,0.08757828810020876,0.0875874308382921,0.08759657548548758,0.08760572204239324,0.08761487050960735,0.08762402088772846,0.08763317317735533,0.08764232737908702,0.08765148349352278,0.08766064152126214,0.08766980146290491,0.0876789633190511,0.08768812709030101,0.08769729277725515,0.08770646038051433,0.08771562990067956,0.08772480133835216,0.08773397469413365,0.08774314996862581,0.08775232716243071,0.08776150627615063,0.08777068731038812,0.08777987026574598,0.08778905514282724,0.08779824194223525,0.08780743066457353,0.08781662131044589,0.0878258138804564,0.08783500837520938,0.0878442047953094,0.08785340314136125,0.08786260341397005,0.0878718056137411,0.08788100974127998,0.08789021579719254,0.08789942378208486,0.08790863369656328,0.08791784554123441,0.0879270593167051,0.08793627502358244,0.0879454926624738,0.08795471223398679,0.0879639337387293,0.08797315717730943,0.08798238255033557,0.08799160985841636,0.0880008391021607,0.0880100702821777,0.08801930339907679,0.08802853845346763,0.08803777544596013,0.08804701437716445,0.08805625524769102,0.08806549805815052,0.0880747428091539,0.08808398950131234,0.0880932381352373,0.08810248871154049,0.08811174123083386,0.08812099569372965,0.08813025210084034,0.08813951045277865,0.08814877075015759,0.08815803299359042,0.08816729718369062,0.08817656332107199,0.08818583140634854,0.08819510144013455,0.08820437342304457,0.08821364735569341,0.08822292323869611,0.08823220107266799,0.08824148085822466,0.08825076259598191,0.08826004628655586,0.08826933193056286,0.08827861952861953,0.08828790908134274,0.08829720058934962,0.08830649405325755,0.08831578947368421,0.0883250868512475,0.0883343861865656,0.08834368748025692,0.08835299073294019,0.08836229594523433,0.08837160311775859,0.08838091225113241,0.08839022334597556,0.08839953640290801,0.08840885142255005,0.08841816840552218,0.0884274873524452,0.08843680826394013,0.0884461311406283,0.08845545598313126,0.08846478279207086,0.08847411156806918,0.08848344231174858,0.08849277502373168,0.08850210970464135,0.08851144635510075,0.08852078497573328,0.08853012556716261,0.08853946813001266,0.08854881266490765,0.08855815917247203,0.08856750765333052,0.08857685810810811,0.08858621053743004,0.08859556494192186,0.08860492132220932,0.08861427967891847,0.08862364001267561,0.08863300232410733,0.08864236661384046,0.08865173288250211,0.08866110113071965,0.08867047135912069,0.08867984356833315,0.0886892177589852,0.08869859393170526,0.08860224148868683,0.08861161044728773,0.08862098138747886,0.08863035430988894,0.08863972921514703,0.08864910610388237,0.0886584849767245,0.08866786583430325,0.08867724867724867,0.08868663350619113,0.08869602032176122,0.08870540912458982,0.08871479991530806,0.08872419269454739,0.08873358746293943,0.08874298422111616,0.0887523829697098,0.08876178370935282,0.08877118644067797,0.08878059116431826,0.08878999788090697,0.08879940659107767,0.08880881729546418,0.08881822999470058,0.08882764468942124,0.08883706138026079,0.08884648006785412,0.08885590075283639,0.08886532343584305,0.08887474811750981,0.08888417479847263,0.08889360347936777,0.08890303416083174,0.08891246684350132,0.08892190152801359,0.08893133821500583,0.08894077690511569,0.088950217598981,0.08895966029723991,0.08896910500053085,0.08897855170949247,0.08898800042476372,0.08899745114698386,0.08900690387679236,0.08901635861482898,0.08902581536173378,0.08903527411814705,0.08904473488470939,0.08905419766206164,0.08906366245084493,0.08907312925170068,0.08908259806527054,0.08909206889219647,0.08910154173312068,0.08911101658868567,0.0891204934595342,0.0891299723463093,0.08913945324965429,0.08914893617021277,0.08915842110862858,0.08916790806554586,0.08917739704160903,0.08918688803746275,0.08908994145822245,0.08899297423887588,0.08900244863195997,0.08901192504258944,0.0890214034714088,0.08903088391906283,0.08904036638619661,0.08904985087345547,0.08905933738148503,0.08906882591093117,0.08907831646244006,0.08908780903665814,0.08909730363423213,0.089106800255809,0.08911629890203603,0.08912579957356077,0.08913530227103103,0.0891448069950949,0.08915431374640077,0.08916382252559726,0.08917333333333333,0.08918284617025816,0.08919236103702123,0.0892018779342723,0.0892113968626614,0.08922091782283885,0.08923044081545523,0.0892399658411614,0.08924949290060852,0.089259021994448,0.08926855312333155,0.08927808628791115,0.08928762148883905,0.08929715872676779,0.08930669800235018,0.08931623931623932,0.08932578266908858,0.08933532806155162,0.08934487549428236,0.08935442496793501,0.08936397648316409,0.08937353004062433,0.0893830856409708,0.08939264328485885,0.08940220297294407,0.08941176470588236,0.08942132848432988,0.08943089430894309,0.08944046218037874,0.08945003209929382,0.08945960406634564,0.08946917808219178,0.0894787541474901,0.08948833226289873,0.08949791242907612,0.08950749464668094,0.0895170789163722,0.08952666523880917,0.08953625361465138,0.0895458440445587,0.08955543652919122,0.08956503106920934,0.08957462766527376,0.08958422631804544,0.08959382702818562,0.08960342979635584,0.08961303462321792,0.08962264150943396,0.08963225045566635,0.08964186146257774,0.0896514745308311,0.08966108966108965,0.08967070685401694,0.08968032611027676,0.0896899474305332,0.08969957081545064,0.08970919626569375,0.08971882378192746,0.089728453364817,0.0897380850150279,0.08974771873322598,0.0897573545200773,0.08976699237624826,0.0897766323024055,0.08978627429921598,0.08979591836734693,0.0898055645074659,0.08981521272024065,0.08982486300633931,0.08983451536643026,0.08984416980118216,0.08985382631126397,0.08986348489734494,0.0898731455600946,0.08988280830018278,0.08989247311827957,0.08990214001505538,0.0899118089911809,0.0899214800473271,0.08993115318416524,0.08994082840236686,0.08995050570260384,0.08996018508554826,0.08996986655187258,0.08997955010224949,0.08998923573735199,0.08999892345785337,0.09000861326442722,0.09001830515774739,0.09002799913848805,0.09003769520732365,0.09004739336492891,0.09005709361197889,0.09006679594914889,0.09007650037711454,0.09008620689655172,0.09009591550813666,0.09010562621254581,0.09011533901045597,0.0901250539025442,0.09013477088948788,0.09014448997196463,0.09015421115065243,0.09016393442622951,0.09017365979937439,0.09018338727076591,0.09019311684108318,0.09020284851100561,0.0902125822812129,0.09022231815238506,0.09023205612520238,0.09024179620034542,0.09025153837849509,0.09026128266033254,0.09027102904653925,0.09028077753779698,0.09029052813478777,0.090300280838194,0.09031003564869829,0.09031979256698358,0.09032955159373311,0.09033931272963043,0.09034907597535935,0.09035884133160398,0.09036860879904875,0.09037837837837838,0.09038815007027787,0.09039792387543252,0.09040769979452795,0.09041747782825005,0.09042725797728501,0.09043704024231934,0.09044682462403981,0.09034840943518718,0.09035818634346932,0.09036796536796536,0.09037774650936249,0.09038752976834813,0.09039731514561004,0.0904071026418363,0.09041689225771521,0.09042668399393546,0.09043647785118597,0.09044627383015598,0.09045607193153504,0.090465872156013,0.09047567450427998,0.09048547897702644,0.0904952855749431,0.090505094298721,0.09051490514905149,0.09052471812662619,0.09053453323213705,0.09054435046627629,0.09055416982973648,0.09056399132321041,0.09057381494739125,0.09058364070297245,0.09059346859064772,0.0906032986111111,0.09061313076505698,0.09062296505317995,0.09063280147617497,0.09064264003473729,0.09065248072956247,0.09066232356134636,0.09067216853078511,0.09068201563857516,0.09069186488541327,0.09070171627199652,0.09071156979902227,0.09072142546718819,0.09073128327719222,0.09074114322973267,0.0907510053255081,0.0907608695652174,0.09077073594955974,0.09078060447923461,0.09079047515494183,0.09080034797738147,0.09081022294725394,0.09082010006525995,0.0908299793321005,0.09083986074847694,0.09084974431509085,0.09085963003264418,0.09086951790183916,0.09087940792337831,0.09088930009796452,0.09089919442630089,0.09090909090909091,0.09091898954703832,0.09092889034084722,0.09093879329122195,0.09094869839886723,0.09095860566448802,0.09096851508878963,0.09097842667247766,0.09098834041625804,0.09099825632083697,0.09100817438692098,0.09101809461521691,0.09102801700643191,0.09103794156127344,0.09104786828044924,0.0910577971646674,0.09106772821463627,0.09107766143106458,0.09108759681466129,0.09109753436613571,0.09110747408619749,0.09111741597555653,0.09112736003492306,0.09113730626500764,0.09114725466652113,0.09115720524017468,0.09116715798667976,0.0911771129067482,0.09118707000109207,0.09119702927042377,0.09109776078645548,0.09110771247542059,0.09111766633890528,0.09112762237762238,0.091137580592285,0.09114754098360656,0.0911575035523008,0.09116746829908176,0.09117743522466383,0.09118740432976165,0.09119737561509021,0.09120734908136482,0.09121732472930111,0.09122730255961496,0.09123728257302265,0.0912472647702407,0.09125724915198599,0.0912672357189757,0.09127722447192733,0.09128721541155867,0.09129720853858785,0.09130720385373331,0.09131720135771379,0.09132720105124836,0.0913372029350564,0.09134720700985761,0.091357213276372,0.0913672217353199,0.09137723238742193,0.09138724523339908,0.0913972602739726,0.09140727750986409,0.09141729694179546,0.09142731857048893,0.09143734239666704,0.09144736842105264,0.0914573966443689,0.09146742706733933,0.09147745969068773,0.09148749451513821,0.09149753154141525,0.09150757077024359,0.09151761220234829,0.09152765583845479,0.09153770167928878,0.09154774972557629,0.0915577999780437,0.09156785243741765,0.09157790710442516,0.09158796397979355,0.09159802306425041,0.09160808435852373,0.09161814786334176,0.09162821357943308,0.09164835164835165,0.09165842400263766,0.09166849857111453,0.09167857535451247,0.09168865435356201,0.09169873556899395,0.09170881900153947,0.09171890465193006,0.09172899252089749,0.0917390826091739,0.09174917491749175,0.09175926944658379,0.0917693661971831,0.09177946517002311,0.09178956636583756,0.09179966978536049,0.09180977542932629,0.09181988329846967,0.09182999339352566,0.0918401057152296,0.09185022026431718,0.0918603370415244,0.09187045604758758,0.09188057728324336,0.09189070074922874,0.09190082644628099,0.09191095437513776,0.09192108453653698,0.09193121693121693,0.09194135155991622,0.09195148842337376,0.09196162752232881,0.09197176885752095,0.09198191242969009,0.09199205823957644,0.09200220628792058,0.09201235657546337,0.09202250910294604,0.09203266387111013,0.0920428208806975,0.09205298013245033,0.09206314162711116,0.09207330536542283,0.09208347134812853,0.09209363957597173,0.0921038100496963,0.09211398277004638,0.09212415773776648,0.09213433495360142,0.09214451441829632,0.09215469613259669,0.09216488009724831,0.09217506631299735,0.09218525478059025,0.09219544550077383,0.09220563847429519,0.09221583370190181,0.09222603118434149,0.09223623092236231,0.09224643291671275,0.09225663716814159,0.09226684367739794,0.09227705244523124,0.09228726347239129,0.09229747675962816,0.09230769230769231,0.09231791011733452,0.09232813018930588,0.09233835252435783,0.09234857712324217,0.09235880398671097,0.09236903311551667,0.09237926451041205,0.09238949817215021,0.0923997341014846,0.09240997229916897,0.09242021276595745,0.09243045550260445,0.09244070050986478,0.09245094778849351,0.09246119733924613,0.09247144916287837,0.09248170326014638,0.09249195963180659,0.0925022182786158,0.09251247920133111,0.09252274240071001,0.09253300787751026,0.09254327563249001,0.09255354566640772,0.0925638179800222,0.09257409257409258,0.09258436944937833,0.09259464860663928,0.09260493004663557,0.09261521377012771,0.0926254997778765,0.09263578807064311,0.09264607864918907,0.09265637151427619,0.09266666666666666,0.09267696410712302,0.09268726383640809,0.09269756585528509,0.09270787016451756,0.09271817676486938,0.09272848565710473,0.09273879684198821,0.0927491103202847,0.09275942609275943,0.09276974416017797,0.09278006452330627,0.09279038718291055,0.09280071213975742,0.09281103939461384,0.09282136894824708,0.09283170080142475,0.09284203495491485,0.09285237140948564,0.0928627101659058,0.09287305122494433,0.09288339458737054,0.09289374025395411,0.09290408822546507,0.0929144385026738,0.09292479108635097,0.09293514597726767,0.09294550317619525,0.09295586268390549,0.09296622450117044,0.09297658862876254,0.09298695506745457,0.09299732381801963,0.09300769488123119,0.09301806825786303,0.09302844394868935,0.09303882195448461,0.09304920227602365,0.09305958491408167,0.09306996986943422,0.09308035714285715,0.09309074673512668,0.09310113864701942,0.09311153287931227,0.0931219294327825,0.09313232830820771,0.09314272950636587,0.0931531330280353,0.09316353887399464,0.09317394704502291,0.09318435754189944,0.09319477036540395,0.0932051855163165,0.09321560299541747,0.09322602280348759,0.09323644494130799,0.09324686940966011,0.09325729620932573,0.093267725341087,0.09327815680572643,0.09328859060402685,0.09329902673677146,0.09330946520474379,0.09331990600872776,0.09333034914950761,0.09334079462786793,0.09335124244459368,0.09336169260047017,0.09337214509628303,0.09338259993281828,0.09339305711086227,0.09340351663120171,0.09341397849462366,0.09342444270191554,0.09343490925386512,0.0934453781512605,0.09345584939489018,0.09346632298554299,0.09347679892400806,0.093487277211075,0.09349775784753363,0.09350824083417424,0.0935187261717874,0.09352921386116407,0.09353970390309556,0.09355019629837352,0.09356069104779,0.09357118815213733,0.09358168761220825,0.09359218942879587,0.0936026936026936,0.09361320013469525,0.09362370902559497,0.09363422027618727,0.09364473388726702,0.09365524985962942,0.09366576819407008,0.09367628889138492,0.09368681195237025,0.09369733737782272,0.09370786516853932,0.09371839532531745,0.09372892784895483,0.09373946274024952,0.09375,0.09376053962900506,0.09377108162806386,0.09378162599797593,0.09379217273954116,0.09380272185355978,0.09381327334083239,0.09382382720215997,0.09383438343834384,0.09384494205018566,0.09385550303848751,0.09386606640405178,0.09387663214768123,0.093887200270179,0.09389777077234857,0.0939083436549938,0.09391891891891892,0.09392949656492848,0.09394007659382744,0.09395065900642109,0.0939612438035151,0.0939718309859155,0.09398242055442867,0.09399301250986138,0.09400360685302074,0.09401420358471424,0.09402480270574971,0.09403540421693539,0.09404600811907984,0.094056614412992,0.09406722309948116,0.09407783417935703,0.09408844765342961,0.09409906352250931,0.0941096817874069,0.09412030244893353,0.09413092550790068,0.09414155096512021,0.09415217882140438,0.09416280907756577,0.09417344173441734,0.09418407679277245,0.09419471425344476,0.0942053541172484,0.09421599638499774,0.09422664105750762,0.09423728813559322,0.09424793762007007,0.09425858951175407,0.09426924381146151,0.09427990052000905,0.09429055963821369,0.09430122116689281,0.09431188510686418,0.09432255145894594,0.09433322022395657,0.09434389140271493,0.09435456499604028,0.0943652410047522,0.0943759194296707,0.09438660027161612,0.09439728353140917,0.09440796920987095,0.09441865730782294,0.09442934782608696,0.09444004076548522,0.09445073612684032,0.0944614339109752,0.09447213411871319,0.09448283675087799,0.09449354180829368,0.0945042492917847,0.09451495920217588,0.09452567154029241,0.09453638630695987,0.0945471035030042,0.0945578231292517,0.09456854518652909,0.09457926967566342,0.09458999659748214,0.09460072595281306,0.0946114577424844,0.09462219196732471,0.09463292862816294,0.09464366772582841,0.09465440926115083,0.09466515323496028,0.09467589964808719,0.0946866485013624,0.09469739979561713,0.09470815353168294,0.09471890971039182,0.09472966833257611,0.0947404293990685,0.09475119291070211,0.09476195886831042,0.09477272727272727,0.09478349812478691,0.09479427142532394,0.09480504717517335,0.09481582537517053,0.09482660602615123,0.09483738912895155,0.09484817468440805,0.0948589626933576,0.09486975315663747,0.09488054607508532,0.0948913414495392,0.0949021392808375,0.09491293956981905,0.09492374231732302,0.09493454752418896,0.09494535519125682,0.09495616531936696,0.09496697790936005,0.09497779296207721,0.09498861047835991,0.09499943045905,0.09501025290498975,0.09502107781702177,0.09503190519598906,0.09504273504273504,0.09505356735810348,0.09506440214293856,0.09507523939808482,0.09508607912438719,0.09509692132269099,0.09510776599384195,0.09511861313868614,0.09512946275807004,0.09514031485284052,0.09515116942384484,0.09516202647193063,0.09505876982768459,0.09506961880849121,0.09508047026595137,0.09509132420091324,0.09510218061422537,0.0951130395067367,0.09512390087929656,0.09513476473275469,0.09514563106796116,0.09515649988576651,0.0951673711870216,0.0951782449725777,0.09507484858873272,0.09508571428571429,0.0950965824665676,0.09510745313214448,0.09511832628329712,0.09512920192087812,0.09514008004574043,0.09515096065873742,0.09516184376072287,0.0951727293525509,0.09518361743507608,0.09519450800915331,0.09520540107563795,0.09521629663538567,0.0952271946892526,0.09523809523809523,0.09524899828277046,0.09525990382413556,0.09527081186304821,0.09528172240036646,0.0952926354369488,0.09530355097365406,0.09531446901134151,0.09532538955087076,0.09533631259310187,0.09534723813889526,0.09535816618911175,0.09536909674461257,0.09538002980625931,0.09539096537491401,0.09540190345143905,0.09541284403669725,0.09542378713155178,0.09543473273686626,0.09544568085350465,0.09534189995410738,0.09535283993115319,0.09536378241909571,0.0953747274187995,0.09538567493112948,0.09539662495695098,0.09540757749712973,0.09541853255253187,0.09542949012402388,0.09544045021247273,0.0954514128187457,0.09546237794371051,0.0954733455882353,0.09548431575318855,0.0954952884394392,0.09550626364785657,0.09551724137931035,0.09552822163467065,0.095539204414808,0.09555018972059331,0.09556117755289788,0.09557216791259344,0.09558316080055211,0.09559415621764639,0.0956051541647492,0.09550109308480037,0.09551208285385501,0.09552307515249166,0.0955340699815838,0.0955450673420053,0.09555606723463043,0.0955670696603339,0.0955780746199908,0.09558908211447656,0.09560009214466712,0.09561110471143877,0.0956221198156682,0.09563313745823251,0.09564415764000922,0.09565518036187623,0.09566620562471184,0.09556195965417867,0.09557297671201291,0.09558399631038857,0.0955950184501845,0.09560604313228001,0.09561707035755479,0.09562810012688891,0.0956391324411629,0.09565016730125764,0.09566120470805446,0.09567224466243508,0.09568328716528163,0.09569433221747663,0.09570537981990303,0.09571642997344418,0.09572748267898383,0.09573853793740617,0.09574959574959575,0.09576065611643757,0.09577171903881701,0.09578278451761987,0.09579385255373238,0.09580492314804114,0.0958159963014332,0.09582707201479598,0.09583815028901733,0.09584923112498554,0.09586031452358927,0.0957557534404996,0.09576682859125607,0.09577790630422209,0.09578898658028691,0.09580006942034015,0.09581115482527193,0.09582224279597269,0.09583333333333334,0.09584442643824517,0.09585552211159991,0.09586662035428968,0.09587772116720704,0.09588882455124494,0.09589993050729674,0.09591103903625622,0.09592215013901761,0.09593326381647549,0.09594438006952491,0.09595549889906131,0.09596662030598054,0.09597774429117886,0.09598887085555298,0.096,0.09601113172541743,0.09602226603270324,0.09603340292275574,0.09604454239647373,0.09605568445475637,0.09606682909850331,0.09607797632861453,0.09608912614599048,0.09610027855153204,0.09611143354614045,0.09612259113071743,0.0961337513061651,0.09614491407338598,0.09615607943328301,0.09616724738675958,0.09617841793471948,0.09618959107806692,0.09620076681770652,0.09621194515454334,0.09622312608948286,0.09611808461180846,0.09612925723584796,0.09614043245756801,0.09615161027787467,0.09616279069767442,0.09617397371787417,0.09606885322167946,0.09608002791671513,0.09609120521172639,0.09610238510762072,0.09611356760530602,0.09612475270569068,0.09613594040968343,0.09614713071819346,0.09615832363213038,0.09616951915240424,0.09618071727992547,0.09619191801560499,0.09620312136035407,0.09621432731508445,0.0962255358807083,0.09623674705813819,0.09624796084828711,0.09625917725206852,0.09615384615384616,0.09616505420212146,0.09617626486360457,0.09618747813920951,0.09619869402985075,0.09620991253644315,0.09610450198273851,0.09611571211944477,0.09612692487167522,0.09613814024034535,0.09614935822637106,0.09616057883066868,0.096171802054155,0.09618302789774717,0.09619425636236283,0.09620548744892002,0.09621672115833722,0.09622795749153334,0.0962391964494277,0.09625043803294007,0.09626168224299066,0.09627292908050006,0.09628417854638935,0.09629543064158,0.09630668536699392,0.09631794272355347,0.09632920271218144,0.096340465333801,0.09635173058933583,0.09636299847970997,0.09637426900584796,0.0963855421686747,0.09639681796911559,0.0964080964080964,0.09641937748654342,0.09643066120538327,0.09644194756554307,0.09645323656795037,0.09646452821353313,0.09647582250321976,0.09648711943793911,0.09649841901862044,0.09650972124619349,0.09652102612158837,0.09653233364573571,0.0965436438195665,0.09655495664401219,0.09656627212000468,0.09657759024847633,0.09658891103035987,0.09660023446658851,0.0966115605580959,0.09662288930581614,0.09663422071068371,0.0966455547736336,0.09665689149560118,0.09666823087752228,0.09667957292033322,0.09669091762497066,0.09670226499237179,0.09671361502347418,0.09672496771921588,0.09673632308053534,0.0967476811083715,0.0967590418036637,0.09677040516735173,0.09678177120037586,0.09679313990367673,0.09680451127819549,0.09681588532487369,0.09682726204465335,0.09683864143847691,0.09685002350728726,0.09686140825202774,0.09687279567364214,0.09688418577307466,0.09689557855126998,0.09690697400917324,0.09691837214772994,0.09692977296788613,0.09694117647058824,0.09695258265678315,0.09696399152741822,0.09697540308344121,0.09698681732580038,0.09699823425544438,0.09700965387332235,0.09702107618038384,0.0970325011775789,0.09704392886585797,0.09705535924617197,0.09706679231947225,0.09707822808671066,0.0970896665488394,0.09710110770681121,0.09711255156157926,0.09712399811409712,0.09713544736531887,0.097146899316199,0.09715835396769248,0.09716981132075472,0.09718127137634155,0.0971927341354093,0.09720419959891471,0.09721566776781501,0.09722713864306784,0.09723861222563135,0.09725008851646406,0.09726156751652502,0.0972730492267737,0.09728453364817001,0.09729602078167435,0.09730751062824752,0.09731900318885084,0.09733049846444602,0.09734199645599527,0.09735349716446125,0.09736500059080705,0.09737650673599622,0.09738801560099279,0.09739952718676123,0.09741104149426646,0.09742255852447387,0.0974340782783493,0.09744560075685904,0.09745712596096984,0.09746865389164892,0.09748018454986396,0.09749171793658305,0.09750325405277482,0.09751479289940829,0.09752633447745296,0.09753787878787878,0.09754942583165621,0.0975609756097561,0.09757252812314979,0.09758408337280909,0.09759564135970626,0.09760720208481402,0.09761876554910556,0.0976303317535545,0.09764190069913496,0.09753496089120645,0.09754652127533484,0.09755808440018966,0.0975696502667457,0.09758121887597819,0.0975927902288628,0.09760436432637572,0.09761594116949354,0.09762752075919336,0.09763910309645273,0.09765068818224965,0.0976622760175626,0.09767386660337052,0.09768545994065282,0.09769705603038936,0.0977086548735605,0.097720256471147,0.09773186082413016,0.09774346793349169,0.09775507780021381,0.09776669042527916,0.09777830580967091,0.09778992395437262,0.09780154486036839,0.09781316852864273,0.09782479496018068,0.09783642415596766,0.09784805611698966,0.09785969084423306,0.09787132833868474,0.09788296860133207,0.09789461163316283,0.09790625743516536,0.09791790600832838,0.09792955735364112,0.0979412114720933,0.09795286836467508,0.0979645280323771,0.09797619047619048,0.0979878556971068,0.09799952369611813,0.09801119447421698,0.09802286803239638,0.0980345443716498,0.09804622349297117,0.09805790539735494,0.098069590085796,0.0979621022524133,0.09797377830750893,0.09798545714626296,0.09799713876967096,0.09800882317872898,0.09802051037443359,0.09803220035778175,0.09804389312977099,0.09805558869139926,0.09806728704366499,0.09807898818756712,0.09809069212410501,0.09810239885427856,0.09811410837908809,0.09812582069953443,0.09813753581661891,0.09814925373134328,0.09816097444470982,0.09817269795772125,0.0981844242713808,0.09819615338669214,0.0982078853046595,0.09810013143744772,0.09811185468451243,0.0981235807338353,0.09813530958642123,0.09814704124327556,0.09815877570540411,0.09817051297381323,0.09818225304950969,0.09819399593350078,0.09820574162679425,0.09821749013039838,0.09822924144532184,0.09812133540744286,0.09813307802776448,0.09814482345900659,0.09815657170217859,0.09816832275829043,0.09818007662835249,0.09819183331337564,0.09820359281437126,0.09821535513235118,0.09822712026832775,0.09823888822331377,0.09813084112149532,0.0981426003594967,0.09815436241610738,0.09816612729234088,0.09817789498921121,0.09818966550773288,0.09820143884892087,0.09821321501379063,0.09822499400335812,0.0982367758186398,0.0982485604606526,0.09826034793041391,0.09827213822894168,0.09828393135725429,0.09829572731637062,0.09830752610731004,0.09831932773109243,0.09833113218873814,0.09834293948126802,0.09835474960970338,0.09836656257506605,0.09837837837837837,0.09839019702066314,0.09840201850294365,0.09841384282624369,0.09842566999158756,0.0984375,0.09844933285250632,0.09846116855013225,0.09847300709390405,0.09848484848484848,0.09849669272399278,0.09850853981236468,0.09852038975099242,0.09853224254090472,0.09854409818313078,0.09855595667870036,0.09856781802864364,0.09857968223399133,0.09859154929577464,0.09860341921502529,0.09861529199277544,0.0986271676300578,0.09863904612790558,0.09865092748735245,0.0986628117094326,0.09867469879518072,0.098686588745632,0.09869848156182212,0.09871037724478728,0.09872227579556413,0.09873417721518987,0.0987460815047022,0.09875798866513927,0.0987698986975398,0.09878181160294296,0.09879372738238842,0.0988056460369164,0.09881756756756757,0.09882949197538313,0.09884141926140477,0.09885334942667472,0.09886528247223564,0.09887721839913075,0.09888915720840377,0.0989010989010989,0.09891304347826087,0.09892499094093489,0.09893694129016671,0.09894889452700253,0.09896085065248912,0.09897280966767372,0.09898477157360407,0.09899673637132841,0.09900870406189555,0.09902067464635474,0.09903264812575574,0.09904462450114887,0.09905660377358491,0.09906858594411516,0.09908057101379143,0.09909255898366606,0.09910454985479186,0.0991165436282222,0.09912854030501089,0.09914053988621233,0.09915254237288136,0.09916454776607338,0.09917655606684428,0.09918856727625046,0.09920058139534883,0.09921259842519685,0.09922461836685244,0.09923664122137404,0.09924866698982066,0.09926069567325173,0.09927272727272728,0.0992847617893078,0.09929679922405432,0.09930883957802837,0.09932088285229201,0.09933292904790782,0.09934497816593886,0.09935703020744874,0.09936908517350158,0.09938114306516199,0.09939320388349515,0.0994052676295667,0.09941733430444283,0.09942940390919024,0.09944147644487615,0.0994535519125683,0.09946563031333495,0.09947771164824487,0.09948979591836735,0.0995018831247722,0.09951397326852977,0.0995260663507109,0.09953816237238697,0.09955026133462988,0.09956236323851203,0.09957446808510638,0.09958657587548637,0.09959868661072602,0.09961080029189978,0.09962291692008271,0.09963503649635036,0.0996471590217788,0.09965928449744463,0.09967141292442497,0.09968354430379747,0.09969567863664029,0.09970781592403213,0.09971995616705223,0.09973209936678032,0.09974424552429667,0.09975639464068209,0.0997685467170179,0.09978070175438597,0.09979285975386865,0.09980502071654887,0.09981718464351005,0.09982935153583618,0.09984152139461172,0.09985369422092173,0.09986587001585173,0.09987804878048781,0.09989023051591657,0.09990241522322518,0.09991460290350128,0.09992679355783309,0.09993898718730934,0.09995118379301929,0.09996338337605273,0.0999755859375,0.09998779147845197,0.1,0.10001221150323605,0.10002442598925257,0.10003664345914254,0.10004886391399952,0.10006108735491753,0.1000733137829912,0.10008554319931566,0.10009777560498656,0.1001100110011001,0.10012224938875305,0.10013449076904267,0.10014673514306677,0.10015898251192369,0.10017123287671233,0.10018348623853211,0.10019574259848299,0.10020800195766548,0.10022026431718062,0.10023252967812997,0.10024479804161567,0.10025706940874037,0.10014691478942213,0.10015917717644178,0.10017144256674014,0.1001837109614207,0.10007349338559529,0.10008575278696558,0.10009801519235481,0.09998774659968142,0.1,0.10001225640397107,0.1000245158126992,0.10003677822728944,0.10004904364884748,0.10006131207847946,0.10007358351729213,0.10008585796639274,0.10009813542688911,0.10011041589988959,0.10012269938650306,0.10013498588783899,0.10014727540500737,0.10015956793911869,0.10017186349128407,0.1001841620626151,0.10019646365422397,0.10020876826722339,0.10022107590272661,0.10023338656184744,0.10024570024570024,0.10025801695539993,0.10027033669206194,0.10028265945680226,0.10029498525073746,0.10030731407498464,0.10031964593066142,0.10033198081888602,0.10034431874077718,0.10035665969745419,0.1003690036900369,0.10038135071964571,0.10039370078740158,0.10040605389442599,0.100418410041841,0.10043076923076923,0.10044313146233383,0.1004554967376585,0.10046786505786752,0.1004802364240857,0.10049261083743842,0.1005049882990516,0.10051736881005174,0.10052975237156585,0.10054213898472154,0.10055452865064694,0.1005669213704708,0.10057931714532233,0.10059171597633136,0.10060411786462828,0.10061652281134402,0.10062893081761007,0.10064134188455846,0.10065375601332183,0.10066617320503331,0.10067859346082665,0.10069101678183613,0.10070344316919659,0.10071587262404344,0.10072830514751266,0.10074074074074074,0.10075317940486479,0.10076562114102247,0.10077806595035198,0.1007905138339921,0.10080296479308215,0.10081541882876205,0.10082787594217225,0.10084033613445378,0.10085279940674824,0.10086526576019778,0.10087773519594512,0.10089020771513353,0.1009026833189069,0.1009151620084096,0.10092764378478664,0.10094012864918357,0.1009526166027465,0.10096510764662213,0.10097760178195768,0.100990099009901,0.10100259933160044,0.10101510274820501,0.10102760926086418,0.10091629519564141,0.10092879256965945,0.10094129303938568,0.10095379660597052,0.10096630327056491,0.10085491265022922,0.10086741016109046,0.1008799107696121,0.10089241447694595,0.10090492128424446,0.10091743119266056,0.1009299442033478,0.10094246031746032,0.1009549795361528,0.1009675018605805,0.10098002729189927,0.10099255583126551,0.1010050874798362,0.10101762223876892,0.10103016010922179,0.10104270109235353,0.1010552451893234,0.10106779240129128,0.10108034272941761,0.10109289617486339,0.10110545273879021,0.10111801242236025,0.10113057522673624,0.10114314115308151,0.10115571020255996,0.10116828237633607,0.10118085767557489,0.10119343610144207,0.10120601765510381,0.10121860233772693,0.1012311901504788,0.10124378109452736,0.10125637517104118,0.10126897238118936,0.10128157272614159,0.1012941762070682,0.10130678282514001,0.1013193925815285,0.1013320054774057,0.10134462151394422,0.10135724069231727,0.10136986301369863,0.10138248847926268,0.10139511709018435,0.10140774884763921,0.10142038375280339,0.10143302180685358,0.1014456630109671,0.10145830736632183,0.10147095487409624,0.1014836055354694,0.10149625935162095,0.10150891632373114,0.1015215764529808,0.10153423974055133,0.10154690618762476,0.10155957579538366,0.10157224856501124,0.10158492449769126,0.1015976035946081,0.1016102858569467,0.10162297128589264,0.10163565988263204,0.10164835164835165,0.10166104658423879,0.10167374469148138,0.10168644597126796,0.10169915042478761,0.10171185805323003,0.10172456885778555,0.10173728283964505,0.10175,0.10176272034004251,0.10177544386096524,0.10178817056396149,0.1018009004502251,0.10181363352095059,0.101826369777333,0.10183910922056799,0.10185185185185185,0.10186459767238143,0.10187734668335419,0.1018900988859682,0.10190285428142214,0.10191561287091523,0.10192837465564739,0.10194113963681904,0.10195390781563127,0.10196667919328573,0.10197945377098472,0.10199223154993109,0.10200501253132832,0.1020177967163805,0.1020305841062923,0.10204337470226903,0.10205616850551655,0.10206896551724139,0.10208176573865062,0.10209456917095196,0.10210737581535374,0.10212018567306486,0.10213299874529486,0.10214581503325386,0.1021586345381526,0.10217145726120246,0.10218428320361536,0.10219711236660389,0.10220994475138122,0.10222278035916112,0.102235619191158,0.10224846124858686,0.10226130653266331,0.10227415504460359,0.10228700678562452,0.10229986175694357,0.10231271995977878,0.10232558139534884,0.10233844606487302,0.10235131396957123,0.10236418511066399,0.10237705948937241,0.10238993710691824,0.10240281796452384,0.10241570206341218,0.10242858940480684,0.10244147998993204,0.10245437382001259,0.10246727089627392,0.10248017121994209,0.10249307479224377,0.10250598161440624,0.10251889168765743,0.10253180501322584,0.10254472159234064,0.10255764142623157,0.10257056451612903,0.10258349086326402,0.10259642046886816,0.1026093533341737,0.10262228946041352,0.10263522884882108,0.10264817150063052,0.10266111741707655,0.10267406659939456,0.1026870190488205,0.10269997476659097,0.10271293375394322,0.1027258960121151,0.10273886154234507,0.10275183034587225,0.10276480242393637,0.10277777777777777,0.10279075640863745,0.102803738317757,0.10281672350637867,0.10282971197574532,0.10284270372710044,0.10285569876168815,0.10286869708075319,0.10288169868554095,0.10289470357729744,0.10290771175726927,0.10292072322670376,0.10293373798684877,0.10294675603895283,0.10283329117126233,0.10271979759645794,0.1027327935222672,0.10274579273693533,0.10275879524171096,0.10277180103784331,0.10278481012658228,0.10279782250917838,0.10281083818688276,0.10282385716094719,0.10283687943262411,0.10284990500316656,0.10286293387382822,0.10287596604586342,0.10288900152052712,0.10290204029907489,0.10291508238276299,0.10292812777284827,0.10294117647058823,0.10295422847724103,0.10296728379406543,0.10298034242232086,0.10299340436326737,0.10300646961816567,0.10301953818827708,0.1030326100748636,0.10304568527918782,0.10305876380251301,0.10307184564610307,0.10308493081122255,0.10309801929913662,0.10311111111111111,0.1031242062484125,0.10313730471230789,0.10315040650406504,0.10316351162495235,0.10317662007623889,0.1031897318591943,0.10320284697508897,0.10321596542519385,0.10322908721078057,0.10324221233312142,0.10325534079348932,0.10326847259315783,0.10328160773340117,0.10329474621549421,0.10330788804071246,0.1033210332103321,0.10320692288114024,0.10322005854651903,0.10323319755600814,0.10324633991088479,0.10325948561242679,0.10327263466191265,0.1032857870606215,0.10329894280983314,0.10331210191082803,0.10332526436488725,0.10333843017329256,0.10335159933732636,0.10336477185827173,0.10337794773741237,0.10339112697603263,0.10340430957541757,0.10341749553685284,0.1034306848616248,0.10344387755102041,0.10345707360632733,0.10347027302883388,0.10348347581982902,0.10349668198060234,0.10350989151244416,0.10352310441664539,0.10353632069449764,0.10354954034729316,0.10356276337632486,0.10357598978288633,0.10358921956827181,0.10360245273377619,0.10348792640858566,0.10350115001277792,0.10351437699680512,0.10352760736196319,0.10354084110954877,0.10355407824085912,0.10356731875719218,0.10358056265984655,0.1035938099501215,0.10360706062931696,0.10362031469873353,0.10363357215967246,0.1036468330134357,0.10366009726132583,0.1036733649046461,0.10368663594470046,0.1036999103827935,0.10371318822023047,0.10372646945831733,0.10373975409836066,0.10375304214166774,0.1037663335895465,0.10365150544522742,0.1035366478728857,0.10354991669870563,0.10356318892591643,0.10357646455582617,0.10358974358974359,0.10360302602897807,0.1036163118748397,0.10362960112863923,0.10364289379168805,0.10365618986529827,0.10366948935078266,0.10368279224945463,0.10369609856262833,0.10370940829161854,0.1037227214377407,0.10373603800231095,0.10374935798664613,0.1037626813920637,0.10377600821988184,0.1037893384714194,0.10380267214799589,0.10381600925093151,0.10382934978154716,0.10384269374116438,0.1038560411311054,0.10386939195269315,0.10388274620725123,0.1038961038961039,0.10390946502057613,0.10392282958199357,0.10393619758168253,0.10394956902097002,0.10396294390118374,0.10397632222365204,0.10398970398970399,0.10400308920066932,0.10401647785787847,0.10402986996266254,0.10391449909863508,0.1039278815196394,0.10394126738794436,0.10395465670488213,0.10396804947178562,0.1039814456899884,0.10399484536082475,0.10400824848562959,0.10389275586491364,0.1039061492845172,0.1039195461578133,0.10393294648613798,0.10394635027082796,0.10395975751322069,0.10397316821465429,0.10398658237646755,0.104,0.10401342108659181,0.1040268456375839,0.1040402736543178,0.10405370513813582,0.10406714009038089,0.10408057851239669,0.10409402040552758,0.10410746577111857,0.10412091461051544,0.1041343669250646,0.1041478227161132,0.10416128198500904,0.10417474473310069,0.10418821096173733,0.10420168067226891,0.10421515386604603,0.10422863054442001,0.10424211070874288,0.10425559436036735,0.10426908150064683,0.10428257213093543,0.10429606625258799,0.10430956386696001,0.10432306497540772,0.10433656957928802,0.10435007767995857,0.10436358927877767,0.10437710437710437,0.1043906229762984,0.10440414507772021,0.10441767068273092,0.10443119979269241,0.10444473240896722,0.1044582685329186,0.10447180816591056,0.10448535130930775,0.10449889796447556,0.10451244813278009,0.10452600181558812,0.10453955901426719,0.1045531197301855,0.10456668396471198,0.1044504995458674,0.10446405398390864,0.1044776119402985,0.10449117341640705,0.1045047384136051,0.10451830693326408,0.10440202571094663,0.10441558441558442,0.10442914664242109,0.1044427123928293,0.10445628166818241,0.10446985446985448,0.10448343079922028,0.10449701065765532,0.10451059404653582,0.10452418096723869,0.1045377714211416,0.10455136540962288,0.10456496293406164,0.10457856399583768,0.10459216859633147,0.10460577673692428,0.10461938841899805,0.10463300364393545,0.10464662241311988,0.10466024472793543,0.10467387058976696,0.1046875,0.10470113296002084,0.10471476947121647,0.1047284095349746,0.10474205315268369,0.10475570032573289,0.10476935105551212,0.10478300534341196,0.10479666319082377,0.10481032459913962,0.10482398956975228,0.10483765810405529,0.1047209181011998,0.10473457675753228,0.10474823897730237,0.10476190476190476,0.10477557411273486,0.10478924703118883,0.10480292351866353,0.10481660357655659,0.10483028720626632,0.1048439744091918,0.10485766518673283,0.10487135954028994,0.10488505747126436,0.10489875898105813,0.10491246407107395,0.10492617274271528,0.10493988499738631,0.10495360083649197,0.1049673202614379,0.10498104327363054,0.10499476987447699,0.10500850006538512,0.10502223384776353,0.10503597122302158,0.10504971219256934,0.10506345675781761,0.10507720492017797,0.10509095668106269,0.10510471204188482,0.10511847100405812,0.10513223356899712,0.10514599973811706,0.10515976951283394,0.1051735428945645,0.10518731988472622,0.10520110048473733,0.10521488469601677,0.10522867251998427,0.10524246395806029,0.105256259011666,0.10527005768222339,0.10528385997115511,0.1051665355363231,0.10518032786885245,0.10506295907660021,0.1050767414403778,0.10509052742062451,0.10510431701876394,0.10511811023622047,0.10513190707441922,0.10514570753478604,0.10515951161874754,0.1051733193277311,0.1051871306631648,0.10520094562647754,0.10521476421909891,0.10522858644245928,0.10524241229798975,0.1052562417871222,0.10527007491128926,0.10515247108307045,0.10516629420270804,0.1051801209571391,0.1051939513477975,0.10520778537611783,0.10522162304353545,0.10523546435148645,0.1052493093014077,0.10526315789473684,0.10527701013291223,0.10529086601737299,0.10530472554955904,0.105318588730911,0.10533245556287031,0.10534632604687912,0.10536020018438035,0.1053740779768177,0.10538795942563563,0.10540184453227931,0.10541573329819476,0.10542962572482868,0.10544352181362858,0.10545742156604271,0.1054713249835201,0.10548523206751055,0.1054991428194646,0.10551305724083355,0.10552697533306951,0.10554089709762533,0.1055548225359546,0.10556875164951174,0.10558268443975188,0.10559662090813093,0.10561056105610561,0.10562450488513335,0.10563845239667238,0.10565240359218173,0.10566635847312111,0.10568031704095113,0.10569427929713304,0.10570824524312897,0.10559006211180125,0.105604017975152,0.10561797752808989,0.10563194077207827,0.10564590770858125,0.10565987833906373,0.10567385266499141,0.10568783068783069,0.10570181240904881,0.10571579783011378,0.10572978695249438,0.10574377977766014,0.1057577763070814,0.10577177654222929,0.10578578048457567,0.10566737288135593,0.10568136670639651,0.1056953642384106,0.10570936547887137,0.10572337042925278,0.10573737909102955,0.10575139146567718,0.10576540755467197,0.10577942735949099,0.10579345088161209,0.10580747812251393,0.10582150908367591,0.10583554376657825,0.10584958217270195,0.10586362430352879,0.10587767016054132,0.10589171974522293,0.10590577305905773,0.10591983010353066,0.10593389088012745,0.10594795539033457,0.10596202363563936,0.10597609561752988,0.10599017133749503,0.10600425079702444,0.10601833399760861,0.10603242094073877,0.10604651162790697,0.10606060606060606,0.10607470424032965,0.10608880616857219,0.10610291184682888,0.10611702127659574,0.1061311344593696,0.10614525139664804,0.1061593720899295,0.10617349654071315,0.106187624750499,0.10620175672078787,0.10621589245308133,0.1062300319488818,0.10624417520969245,0.10625832223701731,0.10627247303236116,0.10628662759722962,0.10630078593312908,0.10631494804156674,0.10632911392405063,0.10634328358208955,0.10635745701719312,0.10637163423087177,0.10638581522463672,0.1064,0.10641418855847447,0.10642838090157375,0.10644257703081232,0.10645677694770544,0.10647098065376918,0.10648518815052041,0.10649939943947684,0.10651361452215696,0.1065278334000801,0.10654205607476636,0.10655628254773668,0.10657051282051282,0.10658474689461733,0.1065989847715736,0.10661322645290582,0.10662747194013897,0.10664172123479888,0.10665597433841219,0.10667023125250635,0.10668449197860963,0.1066987565182511,0.10671302487296068,0.10672729704426909,0.10674157303370786,0.10675585284280936,0.10677013647310676,0.10678442392613409,0.10679871520342613,0.10681301030651853,0.10682730923694779,0.10684161199625117,0.1068559185859668,0.10687022900763359,0.10688454326279132,0.10689886135298057,0.10691318327974277,0.10679351467238377,0.10680782632002145,0.10682214180404771,0.10683646112600537,0.106850784287438,0.10686511128989006,0.1068794421349068,0.10689377682403434,0.10690811535881958,0.1069224577408103,0.10693680397155508,0.10695115405260333,0.1069655079855053,0.10697986577181208,0.10699422741307558,0.10700859291084855,0.10688868000537129,0.10690303518667742,0.10691739422431162,0.10693175711982805,0.10694612387478167,0.1069604944907283,0.10697486896922456,0.10698924731182796,0.10700362952009679,0.10701801559559021,0.10703240553986823,0.10704679935449166,0.1070611970410222,0.10707559860102232,0.10709000403605543,0.10710441334768568,0.10711882653747813,0.10713324360699865,0.10714766455781398,0.10716208939149165,0.1071765181096001,0.10719095071370859,0.1072053872053872,0.10721982758620689,0.10723427185773945,0.10724872002155753,0.10726317207923461,0.10727762803234502,0.10729208788246394,0.10717174440550013,0.10718619387892679,0.10720064724919094,0.10721510451786918,0.10722956568653898,0.10724403075677863,0.1072584997301673,0.10727297260828499,0.10728744939271255,0.10730193008503172,0.10731641468682505,0.10733090319967598,0.10734539562516879,0.10735989196488858,0.10737439222042139,0.10738889639335404,0.10740340448527425,0.10741791649777058,0.10743243243243243,0.10744695229085012,0.10746147607461476,0.10747600378531837,0.10749053542455381,0.10736984448951994,0.10738436570192048,0.10739889084268903,0.10741341991341992,0.1074279529157083,0.10744248985115021,0.10745703072134254,0.10747157552788306,0.10748612427237038,0.107500676956404,0.1075152335815843,0.10752979414951246,0.1075443586617906,0.10755892712002167,0.10757349952580951,0.1075880758807588,0.10760265618647513,0.10761724044456493,0.10749627219737021,0.10751084598698482,0.10752542372881356,0.10754000542446433,0.10755459107554591,0.10756918068366793,0.10758377425044091,0.10759837177747625,0.10761297326638622,0.10762757871878394,0.10764218813628343,0.1076568015204996,0.1076714188730482,0.1076860401955459,0.10770066548961021,0.10771529475685955,0.10772992799891319,0.1077445652173913,0.10775920641391494,0.10777385159010601,0.10778850074758733,0.1078031538879826,0.10768184908225696,0.10769649170519445,0.10771113831089352,0.10772578890097932,0.10774044347707795,0.10775510204081633,0.10776976459382229,0.10778443113772455,0.10779910167415271,0.10781377620473727,0.1078284547311096,0.10784313725490197,0.10785782377774751,0.10787251430128031,0.10788720882713526,0.10790190735694823,0.10791660989235591,0.10793131643499591,0.10794602698650675,0.1079607415485278,0.10797546012269939,0.10799018271066267,0.10800490931405973,0.10801963993453355,0.108034374573728,0.10791268758526602,0.10792741165234002,0.10794213973799127,0.10795687184386515,0.10797160797160797,0.1079863481228669,0.10800109229929,0.10801584050252629,0.10803059273422562,0.10804534899603879,0.10806010928961748,0.10807487361661429,0.1080896419786827,0.10810441437747711,0.10813397129186603,0.10814875581077386,0.10816354437303433,0.10817833698030635,0.10819313363424976,0.10820793433652531,0.10822273908879464,0.1082375478927203,0.10825236074996579,0.10826717766219546,0.1082819986310746,0.10829682365826944,0.10831165274544707,0.10832648589427554,0.10834132310642378,0.10835616438356165,0.10837100972735991,0.10838585913949027,0.10840071262162533,0.1084155701754386,0.10843043180260452,0.10844529750479846,0.1084601672836967,0.10847504114097642,0.10848991907831573,0.10850480109739369,0.10851968719989025,0.10853457738748627,0.10854947166186359,0.10856437002470491,0.10857927247769389,0.1085941790225151,0.10860908966085404,0.10862400439439715,0.10863892322483175,0.10865384615384616,0.10866877318312955,0.10868370431437208,0.10869863954926481,0.10871357888949973,0.10859106529209622,0.10860599395105856,0.10862092671524817,0.10863586358635864,0.10865080456608445,0.10866574965612105,0.10868069885816481,0.10869565217391304,0.10871060960506398,0.10872557115331682,0.10860289057123193,0.10861784140969163,0.10863279636513837,0.10864775543927292,0.10866271863379699,0.10867768595041322,0.10869265739082518,0.1087076329567374,0.10872261264985532,0.10873759647188534,0.10875258442453481,0.10876757650951199,0.10878257272852612,0.10879757308328737,0.10881257757550683,0.10882758620689655,0.10884259897916954,0.10885761589403974,0.10887263695322202,0.10888766215843224,0.10890269151138716,0.10891772501380453,0.10893276266740301,0.10894780447390223,0.10896285043502278,0.10897790055248618,0.10899295482801492,0.10900801326333241,0.10902307586016305,0.10903814262023218,0.10905321354526606,0.10906828863699199,0.10908336789713811,0.10909845132743363,0.10911353892960864,0.10912863070539419,0.10914372665652235,0.10915882678472606,0.10917393109173931,0.10918903957929699,0.10920415224913495,0.10921926910299003,0.10923439014260003,0.10924951536970369,0.10926464478604071,0.1092797783933518,0.10929491619337858,0.10931005818786367,0.10932520437855064,0.10934035476718404,0.10935550935550936,0.10937066814527308,0.10938583113822266,0.10940099833610649,0.10941616974067397,0.10943134535367545,0.10944652517686225,0.10946170921198668,0.109476897460802,0.10949208992506244,0.10950728660652324,0.10952248750694059,0.10953769262807164,0.10955290197167454,0.1095681155395084,0.10958333333333334,0.1095985553549104,0.10961378160600167,0.10962901208837016,0.10964424680377988,0.10965948575399583,0.10967472894078399,0.1096899763659113,0.10970522803114571,0.10972048393825615,0.10973574408901252,0.1097510084851857,0.10976627712854758,0.10964240990677612,0.10951850821040914,0.10953375086986777,0.1095489977728285,0.10956424892106362,0.10957950431634642,0.10959476396045119,0.1096100278551532,0.10962529600222873,0.109640568403455,0.10965584506061028,0.10967112597547381,0.10968641114982579,0.10970170058544745,0.109716994284121,0.10973229224762968,0.10974759447775763,0.1097629009762901,0.10977821174501325,0.10979352678571429,0.10980884610018139,0.10982416969020374,0.10983949755757152,0.10985482970407594,0.10987016613150914,0.10974588103881597,0.10962156123446445,0.10963687150837989,0.10965218605950552,0.10966750488963398,0.1096828280005589,0.1096981553940749,0.10971348707197764,0.10972882303606374,0.10974416328813086,0.10975950782997763,0.10977485666340372,0.10979020979020979,0.10966568750874248,0.10968102965864578,0.10969637610186092,0.10971172684019032,0.10972708187543737,0.10974244120940649,0.10975780484390313,0.10977317278073369,0.10978854502170564,0.10980392156862745,0.10981930242330859,0.10983468758755954,0.10985007706319182,0.10986547085201794,0.10988086895585143,0.10989627137650687,0.1099116781157998,0.10992708917554683,0.10994250455756556,0.10995792426367461,0.10997334829569365,0.10998877665544332,0.11000420934474534,0.1100196463654224,0.11003508771929825,0.11005053340819765,0.11006598343394637,0.11008143779837125,0.1100968965033001,0.1101123595505618,0.11012782694198624,0.11014329867940433,0.11015877476464803,0.1101742551995503,0.11018973998594518,0.1102052291256677,0.11022072262055392,0.11023622047244094,0.11025172268316692,0.11026722925457103,0.11028274018849346,0.11029825548677546,0.11031377515125933,0.11032929918378835,0.1103448275862069,0.11036036036036036,0.11037589750809518,0.1103914390312588,0.11026615969581749,0.11028169014084507,0.11029722496126215,0.11031276415891801,0.11032830773566296,0.11034385569334837,0.1102184637068358,0.11023400056385678,0.1102495418017764,0.11026508742244782,0.11028063742772529,0.11029619181946404,0.11031175059952038,0.11032731376975169,0.11034288133201636,0.11021732994637314,0.11023288637967538,0.11024844720496894,0.11026401242411407,0.11027958203897203,0.11029515605140516,0.11031073446327684,0.11032631727645148,0.11034190449279457,0.11035749611417267,0.11037309214245336,0.11024734982332156,0.1102629346904156,0.11027852396437156,0.11029411764705882,0.1103097157403479,0.11032531824611033,0.1103409251662187,0.11035653650254669,0.11037215225696902,0.11038777243136146,0.11026185421089879,0.11027746319365798,0.11029307659634716,0.11030869442084396,0.11032431666902705,0.1103399433427762,0.11035557444397223,0.11037120997449702,0.11038684993623353,0.11040249433106576,0.1104181431608788,0.11043379642755884,0.11044945413299305,0.11046511627906977,0.11048078286767835,0.11049645390070922,0.1105121293800539,0.11052780930760499,0.11054349368525614,0.11055918251490207,0.11057487579843861,0.11059057353776264,0.11060627573477211,0.11062198239136609,0.11063769350944468,0.1106534090909091,0.1106691291376616,0.11068485365160557,0.11070058263464544,0.11071631608868675,0.1107320540156361,0.11074779641740119,0.1107635432958908,0.1107792946530148,0.11079505049068411,0.11081081081081082,0.11082657561530801,0.11084234490608992,0.11085811868507187,0.11087389695417023,0.11088967971530249,0.11090546697038724,0.11092125872134416,0.11093705497009398,0.1109528557185586,0.11096866096866097,0.11098447072232512,0.11100028498147621,0.11101610374804047,0.11103192702394526,0.11104775481111903,0.11106358711149131,0.11107942392699273,0.11109526525955504,0.1111111111111111,0.11112696148359487,0.11114281637894136,0.11115867579908675,0.11117453974596832,0.11104767342278048,0.11106352605281941,0.11107938320959451,0.11109524489504498,0.11096829477292203,0.11098414512212541,0.111,0.11101585940848693,0.11103172334952843,0.11104759182506789,0.11106346483704975,0.11107934238741958,0.1110952244781241,0.1111111111111111,0.11112700228832952,0.11114289801172937,0.1111587982832618,0.11117470310487909,0.11119061247853464,0.1112065264061829,0.11122244488977956,0.11123836793128132,0.11125429553264604,0.11127022769583274,0.1112861644228015,0.11130210571551354,0.11131805157593123,0.11133400200601805,0.1113499570077386,0.11136591658305862,0.11138188073394495,0.1113978494623656,0.11141382277028965,0.11142980065968737,0.11144578313253012,0.11146177019079041,0.1114777618364419,0.11149375807145932,0.1115097588978186,0.11152576431749676,0.111541774332472,0.11155778894472362,0.11157380815623205,0.11158983196897888,0.11160586038494685,0.1116218934061198,0.11163793103448276,0.11165397327202184,0.11167002012072434,0.11168607158257869,0.11170212765957446,0.11171818835370237,0.11173425366695428,0.11175032360132317,0.11176639815880322,0.11178247734138973,0.11179856115107914,0.11181464958986904,0.1118307426597582,0.1118468403627465,0.11186294270083501,0.11187904967602592,0.11189516129032258,0.1119112775457295,0.11192739844425238,0.111943523987898,0.11195965417867434,0.11197578901859058,0.11199192850965696,0.11200807265388496,0.11202422145328719,0.11204037490987744,0.1120565330256706,0.11207269580268282,0.11208886324293134,0.11210503534843456,0.11212121212121212,0.11213739356328474,0.11215357967667436,0.11216977046340407,0.11218596592549812,0.11220216606498196,0.11221837088388215,0.1122345803842265,0.11225079456804392,0.11226701343736455,0.11228323699421966,0.11229946524064172,0.11231569817866435,0.1123319358103224,0.11234817813765183,0.11236442516268981,0.11238067688747469,0.112396933314046,0.11241319444444445,0.11242946028071191,0.11244573082489147,0.11246200607902736,0.11247828604516502,0.11249457072535109,0.11251086012163336,0.11252715423606083,0.11254345307068366,0.11255975662755324,0.11257606490872211,0.11259237791624402,0.1126086956521739,0.11262501811856791,0.11264134531748334,0.11265767725097868,0.11267401392111369,0.11269035532994924,0.11270670147954744,0.11272305237197157,0.11273940800928613,0.11275576839355682,0.1127721335268505,0.11278850341123531,0.11280487804878049,0.11282125744155655,0.1128376415916352,0.11285403050108933,0.11287042417199303,0.11288682260642162,0.11290322580645161,0.11291963377416073,0.1129360465116279,0.11295246402093327,0.11296888630415819,0.1129853133633852,0.11300174520069808,0.11301818181818182,0.11303462321792261,0.11305106940200786,0.1130675203725262,0.11293843690874691,0.11295487627365357,0.11297132042509826,0.11298776936517181,0.11300422309596622,0.11303714493809176,0.11305361305361306,0.11307008596823546,0.11308656368405713,0.11310304620317738,0.1131195335276968,0.11313602565971716,0.1131525226013415,0.11316902435467406,0.11318553092182031,0.11320204230488694,0.1132185585059819,0.11323507952721436,0.11325160537069469,0.11326813603853451,0.11328467153284671,0.11330121185574536,0.1133177570093458,0.11333430699576456,0.11335086181711948,0.11336742147552958,0.11338398597311514,0.11340055531199766,0.11341712949429991,0.11343370852214589,0.11345029239766082,0.1134668811229712,0.11348347470020474,0.11350007313149042,0.11351667641895846,0.11353328456474031,0.11354989757096869,0.11356651543977755,0.11358313817330211,0.11345337432293955,0.11346998535871157,0.11348660125933518,0.11350322202694786,0.11351984766368829,0.11353647817169646,0.11355311355311355,0.11356975381008207,0.11358639894474572,0.11360304895924948,0.11361970385573963,0.11363636363636363,0.11365302830327027,0.11366969785860956,0.11368637230453278,0.11370305164319248,0.11371973587674249,0.11373642500733784,0.11375311903713489,0.11362301820317088,0.11363970048451034,0.11350954478707782,0.11352621530327507,0.11354289071680376,0.11355957102982224,0.11357625624449015,0.1135929463629684,0.11360964138741916,0.11362634132000587,0.11364304616289327,0.11365975591824731,0.1136764705882353,0.11369319017502574,0.11370991468078846,0.11372664410769458,0.11374337845791642,0.11376011773362767,0.11377686193700323,0.11379361107021935,0.11381036513545348,0.11382712413488441,0.11384388807069219,0.11386065694505819,0.113877430760165,0.11389420951819655,0.11391099322133805,0.11392778187177598,0.11394457547169812,0.11396137402329352,0.11397817752875258,0.11399498599026692,0.1140117994100295,0.11402861779023454,0.1140454411330776,0.1140622694407555,0.11407910271546635,0.1140959409594096,0.11411278417478594,0.11412963236379743,0.11414648552864737,0.1141633436715404,0.11418020679468242,0.11419707490028069,0.11421394799054374,0.1142308260676814,0.11424770913390482,0.11426459719142645,0.11428149024246008,0.11429838828922076,0.11431529133392487,0.11433219937879012,0.1143491124260355,0.11436603047788134,0.11438295353654927,0.11439988160426225,0.11441681468324452,0.11428571428571428,0.11430263547527392,0.11431956167629202,0.11433649289099526,0.11435342912161162,0.11437037037037037,0.11438731663950215,0.11440426793123888,0.11442122424781384,0.11443818559146161,0.11445515196441809,0.11447212336892053,0.11448909980720748,0.11450608128151883,0.11452306779409584,0.114540059347181,0.11455705594301825,0.11442564559216385,0.1144426302508535,0.11445961995249407,0.11447661469933185,0.11449361449361449,0.11451061933759096,0.11452762923351159,0.11454464418362799,0.11456166419019316,0.11457868925546144,0.11459571938168847,0.11461275457113126,0.11462979482604817,0.11464684014869889,0.11466389054134443,0.11468094600624722,0.11469800654567093,0.11471507216188068,0.11473214285714285,0.11474921863372525,0.114766299493897,0.11478338543992854,0.11480047647409172,0.11481757259865971,0.11483467381590706,0.11485178012810963,0.11486889153754469,0.11488600804649084,0.11490312965722801,0.11492025637203757,0.11493738819320215,0.11495452512300582,0.11497166716373397,0.11498881431767338,0.11500596658711217,0.11502312397433985,0.11504028648164727,0.11505745411132667,0.11507462686567164,0.11509180474697717,0.11510898775753957,0.11512617589965657,0.11514336917562724,0.11516056758775206,0.11517777113833283,0.11519497982967279,0.1152121936640765,0.11522941264384995,0.11524663677130045,0.11526386604873673,0.1152811004784689,0.11529834006280844,0.1153155848040682,0.11533283470456246,0.11535008976660682,0.11536734999251833,0.11538461538461539,0.11540188594521779,0.1154191616766467,0.11543644258122474,0.11545372866127583,0.11547101991912535,0.11548831635710007,0.11550561797752809,0.11537308960143841,0.11539037913981717,0.11540767386091128,0.11542497376705142,0.11544227886056972,0.11545958914379967,0.11547690461907618,0.11549422528873557,0.11551155115511551,0.11552888222055514,0.11554621848739496,0.11556355995797689,0.11558090663464425,0.11559825851974179,0.11546546546546546,0.11548280522600991,0.11550015019525384,0.11551750037554454,0.11553485576923077,0.11555221637866266,0.11556958220619176,0.11558695325417105,0.1156043295249549,0.11562171102089912,0.1156390977443609,0.1156564896976989,0.11552346570397112,0.11554084549420791,0.11555823051459524,0.11557562076749435,0.11559301625526791,0.11561041698027999,0.11562782294489611,0.11564523415148321,0.11566265060240964,0.11568007230004519,0.11569749924676108,0.11556426096127768,0.11558167570825799,0.11559909570459684,0.11561652095266807,0.11563395145484698,0.11565138721351026,0.11566882823103604,0.11568627450980393,0.11570372605219491,0.11572118286059144,0.1157386449373774,0.11575611228493812,0.11577358490566038,0.11579106280193237,0.11580854597614375,0.11582603443068559,0.11584352816795046,0.11586102719033232,0.11587853150022662,0.11589604110003023,0.11591355599214145,0.11593107617896009,0.11594860166288738,0.11596613244632598,0.11598366853168002,0.11600120992135511,0.11601875661775828,0.11603630862329803,0.11605386594038432,0.11607142857142858,0.11608899651884365,0.11595519224947018,0.11597274791824376,0.11599030890369473,0.11600787520823867,0.11602544683429264,0.11604302378427511,0.11606060606060606,0.1159266555538718,0.11594422552288572,0.11596180081855388,0.11597938144329897,0.11599696739954511,0.11586290567182286,0.11588047929622326,0.11589805825242719,0.11591564254286148,0.11593323216995448,0.11595082713613598,0.11596842744383729,0.11598603309549112,0.11600364409353174,0.11602126044039483,0.11603888213851762,0.11605650919033875,0.11607414159829839,0.11609177936483817,0.11610942249240122,0.11597507219942241,0.11599270294922469,0.11601033906036187,0.11602798053527981,0.11604562737642586,0.11591116519622756,0.11592879963486992,0.11594643944004869,0.11596408461421397,0.11598173515981736,0.11599939107931193,0.11601705237515225,0.11603471904979443,0.11605239110569601,0.11607006854531607,0.11608775137111517,0.11610543958555539,0.11612313319110028,0.11614083219021491,0.11615853658536586,0.11617624637902119,0.1161939615736505,0.11621168217172488,0.1162294081757169,0.11624713958810069,0.11626487641135184,0.1162826186479475,0.1163003663003663,0.11631811937108838,0.11633587786259542,0.11635364177737059,0.1163714111178986,0.11638918588666565,0.11640696608615948,0.11642475171886936,0.11628973105134474,0.116307504202965,0.11632528278813818,0.11634306680935637,0.11636085626911315,0.11637865116990366,0.11639645151422454,0.11641425730457397,0.11643206854345166,0.11644988523335884,0.11646770737679829,0.1164855349762743,0.11650336803429272,0.1165212065533609,0.11653905053598775,0.11655689998468372,0.11642156862745098,0.11643940554619274,0.11630401471038922,0.11632183908045977,0.1163396689147762,0.1163575042158516,0.11637534498620056,0.11639319122833922,0.11641104294478527,0.11642890013805798,0.11644676281067812,0.11646463096516803,0.11648250460405156,0.11650038372985418,0.11651826834510286,0.11653615845232612,0.11655405405405406,0.1165719551528183,0.11658986175115207,0.1166077738515901,0.11662569145666872,0.11664361456892577,0.1166615431909007,0.1166794773251345,0.11669741697416974,0.11671536214055052,0.11673331282682252,0.116751269035533,0.11676923076923076,0.11678719803046622,0.11680517082179132,0.11682314914575959,0.11684113300492611,0.11685912240184758,0.11687711733908222,0.1168951178191899,0.11691312384473197,0.11693113541827145,0.11694915254237288,0.1169671752196024,0.11698520345252775,0.11700323724371821,0.11702127659574468,0.11703932151117964,0.11705737199259716,0.11707542804257288,0.11709348966368405,0.11711155685850949,0.11712962962962963,0.11714770797962648,0.11716579191108367,0.11718388142658638,0.11720197652872143,0.11722007722007723,0.11723818350324375,0.1172562953808126,0.11727441285537701,0.11729253592953176,0.11731066460587326,0.11732879888699954,0.11734693877551021,0.11736508427400649,0.11738323538509125,0.11740139211136891,0.11741955445544554,0.11743772241992882,0.11745589600742803,0.1174740752205541,0.1174922600619195,0.11751045053413842,0.11752864663982657,0.11754684838160136,0.11756505576208179,0.11758326878388846,0.11760148744964363,0.11761971176197118,0.11763794172349659,0.11750116261044799,0.11751937984496125,0.11753760272910528,0.11755583126550868,0.11757406545680162,0.11759230530561589,0.11761055081458495,0.11762880198634389,0.11764705882352941,0.11766532132877988,0.11768358950473529,0.11770186335403726,0.11772014287932908,0.11773842808325567,0.11775671896846357,0.11777501553760099,0.1177933177933178,0.11781162573826547,0.11782993937509716,0.11784825870646766,0.11786658373503343,0.11788491446345256,0.11790325089438482,0.1179215930304916,0.11793994087443598,0.11795829442888267,0.11797665369649805,0.11799501867995019,0.11801338938190876,0.11803176580504515,0.11805014795203239,0.11806853582554518,0.11808692942825985,0.11810532876285447,0.11812373383200872,0.11814214463840399,0.1181605611847233,0.11817898347365138,0.11819741150787463,0.1182158452900811,0.11823428482296054,0.11825273010920437,0.1182711811515057,0.1182896379525593,0.11830810051506165,0.1183265688417109,0.11834504293520687,0.11836352279825109,0.11838200843354678,0.11840049984379881,0.1184189970317138,0.1184375,0.1184560087513674,0.11847452328852766,0.11849304361419416,0.11851156973108193,0.11853010164190773,0.11854863934939006,0.11856718285624902,0.11842928660826033,0.11844781724299797,0.11846635367762129,0.11848489591485366,0.11850344395742016,0.11852199780804759,0.11838396492326965,0.11840250587314018,0.11842105263157894,0.118439605201316,0.11845816358508304,0.11847672778561354,0.11849529780564264,0.11851387364790719,0.11837566635308874,0.11839422926140819,0.11841279799247177,0.11843137254901961,0.11844995293379354,0.11846853914953712,0.11833019460138104,0.11834876785433998,0.11836734693877551,0.11838593185743444,0.11840452261306533,0.1184231192084184,0.11844172164624568,0.11846032992930086,0.1184789440603394,0.1184975640421185,0.11851618987739705,0.1185348215689357,0.11855345911949686,0.11857210253184464,0.11859075180874488,0.11860940695296524,0.11862806796727501,0.11864673485444532,0.11866540761724897,0.11868408625846057,0.11870277078085642,0.1187214611872146,0.11874015748031497,0.11875885966293905,0.1187775677378702,0.11863872695761778,0.11865742199810904,0.11867612293144209,0.11869482976040353,0.1187135424877818,0.11873226111636707,0.11875098564895127,0.11876971608832808,0.11878845243729295,0.1188071946986431,0.11882594287517753,0.11884469696969698,0.11886345698500395,0.11888222292390274,0.11890099478919944,0.11891977258370183,0.11893855631021956,0.11879936808846761,0.11881813872649707,0.11883691529709228,0.1186976450134345,0.1187164084729687,0.11873517786561265,0.1187539531941809,0.1187727344614898,0.11879152167035748,0.11881031482360387,0.11882911392405063,0.11884791897452128,0.11886672997784109,0.1188855469368371,0.1189043698543382,0.11892319873317499,0.11894203357617991,0.11896087438618723,0.11897972116603295,0.11899857391855491,0.11901743264659272,0.11903629735298779,0.11905516804058339,0.11907404471222452,0.11909292737075801,0.11911181601903251,0.11913071065989848,0.11914961129620816,0.11916851793081562,0.11918743056657673,0.1192063492063492,0.11922527385299254,0.11924420450936805,0.11926314117833889,0.11928208386277002,0.1193010325655282,0.11931998728948205,0.11933894803750199,0.11919898283534647,0.11921793037672866,0.1192368839427663,0.11925584353633328,0.11927480916030535,0.11929378081756005,0.11931275851097678,0.11933174224343675,0.11935073201782304,0.11936972783702053,0.11938872970391595,0.11940773762139786,0.11942675159235669,0.11944577161968466,0.11946479770627588,0.11948382985502629,0.11950286806883365,0.11952191235059761,0.11954096270321964,0.11956001912960305,0.11957908163265306,0.11959815021527667,0.11961722488038277,0.11963630563088212,0.1196553924696873,0.11967448539971279,0.11969358442387489,0.11971268954509177,0.11973180076628352,0.11975091809037203,0.11977004152028106,0.11978917105893627,0.11980830670926518,0.11982744847419716,0.11984659635666348,0.11986575035959725,0.1198849104859335,0.11990407673860912,0.11992324912056283,0.11994242763473532,0.1199616122840691,0.11998080307150856,0.11984,0.11985917746839495,0.11987836107554417,0.11989755082439571,0.11991674671789945,0.1199359487590072,0.11995515695067265,0.11997437129585135,0.1199935917975008,0.12001281845858036,0.12003205128205129,0.12005129027087674,0.1200705354280218,0.12008978675645342,0.12010904425914047,0.12012830793905373,0.12014757779916586,0.12016685384245147,0.12018613607188704,0.12020542449045098,0.12022471910112359,0.12024401990688714,0.12026332691072575,0.1202826401156255,0.12030195952457437,0.12032128514056224,0.12034061696658098,0.1203599550056243,0.12037929926068788,0.12039864973476933,0.12041800643086817,0.12043736935198585,0.12045673850112576,0.12047611388129323,0.1204954954954955,0.12051488334674175,0.12053427743804312,0.12055367777241269,0.12057308435286543,0.1205924971824183,0.12061191626409018,0.12063134160090191,0.12065077319587629,0.12067021105203803,0.1206896551724138,0.12070910556003223,0.12072856221792393,0.12074802514912139,0.12076749435665914,0.12078696984357362,0.12080645161290322,0.12082593966768834,0.12084543401097128,0.12086493464579635,0.12088444157520982,0.12090395480225989,0.12092347432999677,0.12094300016147264,0.1209625322997416,0.1209820707478598,0.1210016155088853,0.12102116658587816,0.12104072398190045,0.12106028770001616,0.1210798577432913,0.12109943411479386,0.1211190168175938,0.12113860585476306,0.12115820122937561,0.12117780294450736,0.12119741100323625,0.12121702540864218,0.12123664616380705,0.12125627327181479,0.1212759067357513,0.12129554655870445,0.12131519274376418,0.12133484529402236,0.1213545042125729,0.12137416950251174,0.12139384116693679,0.12125141838223374,0.12127107652399481,0.12129074104102482,0.12131041193642556,0.12116788321167883,0.12118754055807916,0.1212072042836281,0.12122687439143136,0.12124655088459665,0.12126623376623377,0.12112355901932131,0.12114322832088341,0.12116290401169401,0.12118258609486679,0.12120227457351747,0.12122196945076373,0.12124167072972533,0.12126137841352405,0.1212810925052837,0.12130081300813009,0.12132053992519108,0.12134027325959662,0.1213600130144786,0.12137975919297103,0.12139951179820993,0.12141927083333333,0.12143903630148135,0.12145880820579616,0.12147858654942192,0.12149837133550488,0.12151816256719336,0.12153796024763766,0.12155776437999022,0.12157757496740547,0.12159739201303993,0.12161721552005217,0.1216370454916028,0.12165688193085453,0.12167672484097211,0.12169657422512235,0.12171643008647413,0.12173629242819843,0.12175616125346826,0.1217760365654587,0.12179591836734693,0.12181580666231222,0.12183570145353585,0.12185560274420124,0.12187551053749388,0.1218954248366013,0.1219153456447132,0.12193527296502125,0.1219552068007193,0.12197514715500327,0.12199509403107113,0.12201504743212299,0.12203500736136104,0.12205497382198953,0.12207494681721485,0.1220949263502455,0.12211491242429202,0.12213490504256712,0.12199115768789913,0.12201113658696364,0.12186732186732187,0.1218872870249017,0.12190725872521711,0.12192723697148476,0.12194722176692345,0.1219672131147541,0.1219872110181997,0.1220072154804854,0.12202722650483845,0.1220472440944882,0.12206726825266612,0.12208729898260584,0.12210733628754308,0.1221273801707157,0.12214743063536365,0.12216748768472907,0.12218755132205616,0.12220762155059132,0.12222769837358305,0.12224778179428196,0.12226787181594084,0.1222879684418146,0.12230807167516028,0.12232818151923709,0.12234829797730637,0.12236842105263158,0.12238855074847836,0.12240868706811452,0.12242883001480993,0.12244897959183673,0.12246913580246914,0.12248929864998354,0.12250946813765849,0.1225296442687747,0.12254982704661506,0.12257001647446458,0.12259021255561048,0.12261041529334213,0.12263062469095104,0.12265084075173097,0.12267106347897774,0.12269129287598944,0.12271152894606631,0.12273177169251072,0.12275202111862729,0.12277227722772277,0.12279254002310612,0.12281280950808848,0.12283308568598315,0.12285336856010567,0.12287365813377374,0.12289395441030723,0.12291425739302825,0.12293456708526107,0.12295488349033218,0.12297520661157024,0.12283021987105307,0.1228505291005291,0.1228708450471308,0.1228911677141912,0.1229114971050455,0.12293183322303111,0.12295217607148767,0.12297252565375703,0.12299288197318325,0.12301324503311259,0.12303361483689353,0.12305399138787677,0.12307437468941528,0.12309476474486415,0.12311516155758077,0.12313556513092476,0.12315597546825792,0.1231763925729443,0.12319681644835019,0.1230514096185738,0.12307181953889534,0.12309223623092236,0.12311265969802555,0.12313308994357783,0.12315352697095436,0.12317397078353254,0.12319442138469201,0.12321487877781467,0.12323534296628467,0.12325581395348838,0.12327629174281442,0.12329677633765371,0.12331726774139937,0.1233377659574468,0.12335827098919368,0.1233787828400399,0.12339930151338765,0.12341982701264138,0.12344035934120778,0.12346089850249584,0.1234814444999168,0.12350199733688415,0.12352255701681372,0.12354312354312354,0.12356369691923397,0.12358427714856762,0.12360486423454939,0.12362545818060647,0.12364605899016831,0.12366666666666666,0.12368728121353559,0.1237079026342114,0.12372853093213274,0.1237491661107405,0.1237698081734779,0.12379045712379046,0.12381111296512598,0.12383177570093458,0.12385244533466867,0.12387312186978297,0.12389380530973451,0.12391449565798263,0.12393519291798898,0.12395589709321751,0.1239766081871345,0.12399732620320855,0.12401805114491057,0.1240387830157138,0.1240595218190938,0.12408026755852843,0.1241010202374979,0.12412177985948478,0.1241425464279739,0.12416331994645248,0.12418410041841005,0.12420488784733846,0.12422568223673196,0.12424648359008707,0.1242672919109027,0.12428810720268006,0.12430892946892277,0.12432975871313673,0.12435059493883023,0.12437143814951392,0.12439228834870075,0.12441314553990611,0.12443400972664766,0.12445488091244548,0.12447575910082201,0.12449664429530201,0.12451753649941265,0.12453843571668345,0.1245593419506463,0.12458025520483546,0.12460117548278757,0.12462210278804166,0.12464303712413909,0.12466397849462366,0.1246849269030415,0.12470588235294118,0.1247268448478736,0.12474781439139207,0.12460063897763578,0.12462159434914229,0.12464255677039529,0.12466352624495289,0.12468450277637556,0.12470548636822619,0.12472647702407003,0.12474747474747475,0.12476847954201044,0.12478949141124958,0.12481051035876706,0.12483153638814017,0.12485256950294861,0.12487360970677452,0.12489465700320243,0.12474713418745785,0.12476816725678638,0.12478920741989882,0.12481025468038455,0.12483130904183536,0.12485237050784545,0.12487343908201147,0.1248945147679325,0.12491559756920999,0.12493668748944792,0.12495778453225262,0.1249788887012329,0.125,0.1250211184321676,0.1250422440013518,0.1250633767111712,0.1250845165652468,0.12510566356720204,0.12512681772066284,0.12514797902925756,0.12516914749661706,0.12519032312637457,0.12521150592216582,0.12523269588762903,0.12525389302640488,0.12527509734213646,0.12529630883846934,0.12514817950889076,0.12516937669376693,0.12519058106047773,0.12521179261267368,0.12506354855109303,0.12508474576271186,0.12510595016104425,0.12512716174974567,0.12497880278107512,0.125,0.1250212044105174,0.12504241601628774,0.12506363482097405,0.1250848608282417,0.12510609404175863,0.12512733446519525,0.1251485821022245,0.12516983695652173,0.1251910990317649,0.12521236833163438,0.12506372132540358,0.12508497620666215,0.12510623831378548,0.124957497449847,0.12497874511137562,0.125,0.12502126211940806,0.12504253147329022,0.12506380806533945,0.12508509189925118,0.1251063829787234,0.12512768130745658,0.12514898688915377,0.12517029972752045,0.1251916198262647,0.12504258943781943,0.12506389504174475,0.1250852079072938,0.12510652803817965,0.12512785543811797,0.12514919011082695,0.1251705320600273,0.12519188128944225,0.12521323780279767,0.12523460160382188,0.12525597269624572,0.1252773510838027,0.12529873677022874,0.12532012975926243,0.1253415300546448,0.12536293766011955,0.12538435257943287,0.1254057748163335,0.1254272043745728,0.12544864125790464,0.12547008547008548,0.12549153701487434,0.12551299589603282,0.12553446211732514,0.12555593568251797,0.12557741659538066,0.12559890485968514,0.1256204004792059,0.12564190345771997,0.12566341379900703,0.1256849315068493,0.12570645658503168,0.12555669749914355,0.12540688709953743,0.12542837559972583,0.12544987146529563,0.12547137470003428,0.12549288530773187,0.12551440329218108,0.12553592865717716,0.12555746140651802,0.12557900154400412,0.12560054907343857,0.12562210399862708,0.12564366632337795,0.12566523605150215,0.12568681318681318,0.12570839773312725,0.12572998969426313,0.12575158907404227,0.12577319587628866,0.125794810104829,0.1258164317634926,0.1258380608561114,0.12585969738651995,0.12588134135855547,0.1259029927760578,0.12592465164286942,0.1259463179628355,0.12596799173980383,0.12598967297762478,0.12601136168015148,0.12603305785123967,0.12605476149474773,0.1260764726145367,0.12609819121447027,0.12611991729841487,0.12614165087023954,0.12616339193381593,0.12618514049301843,0.12620689655172415,0.12622866011381273,0.12625043118316662,0.12627220976367087,0.12612146307798483,0.1261432269197584,0.12616499827407662,0.12618677714482995,0.1262085635359116,0.1262303574512174,0.12625215889464594,0.12627396787009845,0.12629578438147893,0.1261448073267669,0.1261666090563429,0.12618841832324978,0.12621023513139695,0.1262320594846965,0.12608094085091665,0.12592976993599722,0.1259515570934256,0.1259733517909673,0.12599515403253722,0.12601696382205296,0.1260387811634349,0.12588744588744588,0.12590924835469344,0.12593105837519486,0.12595287595287596,0.12597470109166523,0.12599653379549394,0.12601837406829605,0.12604022191400832,0.12606207733657013,0.12608394033992368,0.12593235039028622,0.12595419847328243,0.12597605413846955,0.1259979173897952,0.12601978823120985,0.12604166666666666,0.12606355270012154,0.12608544633553317,0.12610734757686295,0.12612925642807504,0.1261511728931364,0.1261730969760167,0.12619502868068833,0.12621696801112656,0.12623891497130935,0.12608695652173912,0.12610888850234822,0.12613082811412665,0.12615277536105796,0.12617473024712844,0.12619669277632725,0.12621866295264625,0.1262406407800801,0.12626262626262627,0.12628461940428498,0.12630662020905922,0.12632862868095487,0.12635064482398048,0.12637266864214747,0.12639470013947002,0.12641673931996514,0.12643878618765259,0.1262864120006977,0.12630844382414516,0.1263304833362415,0.12635253054101223,0.1263745854424856,0.12622206703910616,0.12624410686223153,0.1262661543835138,0.1262882096069869,0.12631027253668764,0.1263323431766556,0.12635442153093324,0.1263765076035658,0.1263986013986014,0.12642070292009092,0.12644281217208814,0.126290012244184,0.12631210636808957,0.126334208223972,0.1263563178158908,0.1262033957640469,0.12622549019607843,0.12624759236561023,0.12626970227670753,0.12629181993343844,0.12631394533987386,0.12616085509024005,0.12618296529968454,0.12620508326029797,0.12622720897615708,0.1262493424513414,0.12627148368993335,0.12629363269601823,0.12631578947368421,0.12633795402702228,0.12636012636012636,0.1263823064770932,0.12640449438202248,0.1264266900790167,0.12644889357218125,0.12647110486562446,0.12649332396345747,0.1265155508697944,0.1265377855887522,0.1265600281244507,0.12658227848101267,0.12660453666256374,0.1266268026732325,0.1266490765171504,0.1266713581984518,0.12669364772127398,0.12671594508975711,0.12673825030804436,0.1267605633802817,0.12678288431061807,0.12680521310320536,0.12682754976219834,0.12684989429175475,0.12687224669603525,0.12689460697920338,0.12691697514542571,0.12693935119887165,0.12696173514371364,0.12698412698412698,0.12700652672429,0.12702893436838392,0.12705134992059292,0.12707377338510412,0.12709620476610767,0.1271186440677966,0.12714109129436693,0.12716354645001765,0.1271860095389507,0.127208480565371,0.12723095953348648,0.12725344644750794,0.1272759413116493,0.1272984441301273,0.1273209549071618,0.1273434736469756,0.12736600035379445,0.12738853503184713,0.12741107768536541,0.12743362831858407,0.12727916445388565,0.12730169971671387,0.12732424296086417,0.1273467941905774,0.12736935341009742,0.12739192062367116,0.12741449583554848,0.12743707904998228,0.1274596702712285,0.1274822695035461,0.127504876751197,0.12752749201844626,0.1275501153095618,0.12757274662881476,0.12759538598047915,0.1276180333688321,0.12764068879815374,0.12766335227272727,0.12768602379683894,0.12753108348134992,0.12755373956297744,0.12757640369580667,0.12759907588413008,0.12762175613224316,0.12764444444444445,0.12766714082503555,0.12768984527832117,0.12771255780860905,0.12773527842020993,0.12775800711743773,0.12778074390460936,0.12780348878604486,0.1278262417660673,0.12784900284900286,0.12787177203918076,0.1278945493409334,0.12791733475859612,0.12794012829650747,0.1279629299590091,0.12798573975044564,0.12800855767516492,0.12803138373751782,0.1280542179418584,0.1280770602925437,0.12792149866190902,0.1279443254817987,0.12796716044975906,0.12799000357015353,0.1280128548473487,0.12803571428571428,0.12805858188962316,0.12808145766345122,0.12810434161157763,0.12812723373838455,0.12815013404825737,0.12817304254558456,0.12819595923475774,0.12821888412017168,0.1282418172062243,0.12826475849731664,0.1282877079978529,0.1283106657122405,0.12833363164488992,0.12835660580021482,0.12837958818263204,0.1284025787965616,0.12842557764642665,0.12844858473665352,0.12847160007167174,0.128494623655914,0.1285176554938161,0.12854069558981715,0.12856374394835934,0.1285868005738881,0.12860986547085201,0.1286329386437029,0.12865602009689575,0.12867910983488873,0.12870220786214323,0.12872531418312388,0.12874842880229845,0.12877155172413793,0.12879468295311658,0.12881782249371182,0.12884097035040432,0.12886412652767792,0.12888729103001978,0.12891046386192018,0.1289336450278727,0.1289568345323741,0.12898003237992445,0.12882331774019432,0.1288464999100234,0.128869690424766,0.1288928892889289,0.12891609650702196,0.12893931208355844,0.12896253602305474,0.12898576833003061,0.12882882882882882,0.12885204541358802,0.12887527036770008,0.12889850369569136,0.1289217454020916,0.12894499549143373,0.12896825396825398,0.12899152083709184,0.1290147961024901,0.12903807976899476,0.12906137184115524,0.1290846723235241,0.12910798122065728,0.12913129853711397,0.12915462427745664,0.12917795844625113,0.12920130104806649,0.12922465208747516,0.12924801156905277,0.1292713794973784,0.12929475587703435,0.12931814071260625,0.12934153400868306,0.12936493576985705,0.12938834600072385,0.12941176470588237,0.12943519188993483,0.12945862755748688,0.1294820717131474,0.1295055243615287,0.12952898550724637,0.12955245515491937,0.12957593330917,0.1295994199746239,0.12962291515591007,0.12964641885766093,0.12966993108451216,0.12969345184110284,0.12971698113207547,0.12955906369080022,0.1295825771324864,0.12960609911054638,0.12962962962962962,0.12965316869438895,0.12967671630948058,0.12970027247956403,0.12972383720930233,0.1297474105033618,0.1297709923664122,0.1297945828031267,0.1298181818181818,0.1298417894162575,0.1298654056020371,0.12988903038020738,0.1299126637554585,0.12993630573248408,0.12995995631598106,0.1299836155106499,0.13000728332119446,0.13003095975232198,0.13005464480874318,0.13007833849517217,0.13010204081632654,0.13012575177692728,0.13014947138169888,0.1301731996353692,0.1301969365426696,0.13022068210833485,0.13024443633710325,0.13026819923371646,0.1302919708029197,0.13031575104946158,0.1303395399780942,0.13036333759357313,0.13038714390065742,0.1304109589041096,0.13043478260869565,0.1304586150191851,0.13048245614035087,0.13050630597696947,0.13053016453382085,0.13055403181568842,0.13057790782735917,0.13060179257362356,0.13062568605927552,0.13064958828911252,0.1306734992679356,0.13069741900054915,0.13072134749176126,0.13074528474638344,0.13076923076923078,0.13079318556512182,0.1308171491388787,0.1308411214953271,0.13086510263929618,0.1308890925756187,0.13091309130913092,0.13093709884467267,0.1309611151870873,0.1309851403412218,0.1310091743119266,0.1310332171040558,0.13105726872246695,0.13108132917202128,0.13110539845758354,0.13112947658402205,0.13115356355620866,0.13117765937901893,0.13120176405733186,0.13122587759603013,0.13125,0.13127413127413126,0.1312982714233174,0.1313224204524554,0.13134657836644592,0.1313707451701932,0.13139492086860508,0.13141910546659305,0.13125920471281297,0.13128337322776654,0.13130755064456723,0.1313317369681341,0.13135593220338984,0.13138013635526075,0.1312200516033911,0.1312442396313364,0.13126843657817108,0.13129264244882907,0.13113242345997786,0.13115661317100166,0.13118081180811808,0.1312050193762687,0.13122923588039867,0.1312534613254569,0.13127769571639586,0.13130193905817175,0.13114148503878834,0.131165712174395,0.131189948263119,0.13121419330992423,0.1310536044362292,0.1310778332408948,0.13110207100591717,0.1311263177362678,0.13115057343692194,0.13117483811285846,0.13119911176905996,0.13122339441051267,0.1312476860422066,0.13127198666913534,0.13111111111111112,0.13113539544360067,0.13115968877361986,0.1311839911061701,0.13120830244625648,0.13123262279888787,0.13125695216907676,0.13128129056183943,0.13130563798219586,0.13132999443516974,0.1313543599257885,0.13137873445908332,0.13140311804008908,0.13142751067384445,0.13145191236539175,0.13147632311977717,0.13150074294205052,0.13152517183726548,0.13154960981047936,0.13157405686675339,0.1315985130111524,0.1316229782487451,0.13164745258460395,0.1316719360238051,0.13169642857142858,0.13172093023255815,0.13174544101228136,0.13179448994787787,0.13181902811394527,0.1318435754189944,0.13186813186813187,0.13189269746646795,0.13191727221911684,0.1319418561311964,0.13196644920782852,0.1319910514541387,0.13201566287525637,0.1320402834763148,0.13206491326245104,0.13208955223880597,0.13211420041052435,0.13195222097797685,0.13197685271607243,0.13200149365197908,0.13202614379084968,0.13205080313784087,0.1320754716981132,0.1321001494768311,0.13212483647916276,0.1319626168224299,0.13198728734342868,0.13201196709050111,0.13203665606882364,0.13206135428357652,0.13208606173994386,0.13211077844311378,0.13213550439827812,0.13216023961063272,0.13218498408537727,0.13220973782771536,0.1320471998501592,0.1320719370550768,0.13209668353007306,0.13212143928035983,0.13214620431115276,0.13217097862767155,0.1321957622351397,0.1322205551387847,0.13224535734383794,0.13227016885553472,0.13229498967911427,0.13231981981981983,0.13234465928289843,0.1323695080736012,0.1323943661971831,0.13241923365890307,0.13244411046402405,0.13246899661781286,0.1324938921255403,0.13233082706766916,0.13235570595976687,0.132380594208349,0.13240549181869476,0.13243039879608728,0.13245531514581374,0.13248024087316523,0.1323169584039149,0.13234186746987953,0.13236678591602336,0.13239171374764594,0.13241665097005087,0.1324415975885456,0.13246655360844167,0.13249151903505466,0.13251649387370407,0.13254147812971342,0.13256647180841033,0.13259147491512638,0.13261648745519714,0.13264150943396227,0.13266654085676544,0.13269158172895432,0.1327166320558807,0.1327416918429003,0.132766761095373,0.13279183981866263,0.13281692801813716,0.13284202569916856,0.13267813267813267,0.132703213610586,0.13272830402722632,0.13275340393343418,0.13277851333459428,0.13280363223609534,0.13282876064333018,0.1328538985616957,0.13287904599659284,0.13290420295342673,0.13292936943760653,0.13295454545454546,0.13297973100966093,0.1330049261083744,0.13303013075611142,0.13305534495830174,0.13308056872037916,0.13310580204778158,0.13313104494595107,0.13315629742033383,0.1331815594763802,0.1332068311195446,0.13323211235528562,0.13325740318906606,0.13328270362635275,0.1333080136726168,0.13333333333333333,0.13335866261398177,0.1333840015200456,0.13340935005701254,0.13343470823037445,0.13346007604562737,0.13348545350827154,0.13351084062381133,0.1335362373977554,0.13356164383561644,0.1335870599429115,0.1336124857251618,0.13363792118789264,0.13366336633663367,0.1336888211769187,0.1337142857142857,0.133739759954277,0.13376524390243902,0.13379073756432247,0.13381624094548228,0.1338417540514776,0.13386727688787187,0.1338928094602327,0.133918351774132,0.13394390383514596,0.13396946564885495,0.13399503722084366,0.13402061855670103,0.13404620966202024,0.13407181054239878,0.1340974212034384,0.13412304165074512,0.1341486718899293,0.1341743119266055,0.13419996176639265,0.13422562141491395,0.1342512908777969,0.1342769701606733,0.13430265926917925,0.13432835820895522,0.13435406698564592,0.13437978560490046,0.1344055140723722,0.1344312523937189,0.13445700057460255,0.13448275862068965,0.13450852653765089,0.13453430433116137,0.13456009200690053,0.13458588957055215,0.1346116970278044,0.13463751438434982,0.13466334164588528,0.13468917881811204,0.13471502590673576,0.13474088291746641,0.13476674985601844,0.1347926267281106,0.1348185135394661,0.1348444102958125,0.13487031700288185,0.13489623366641046,0.13492216029213916,0.13494809688581316,0.1349740434531821,0.135,0.1350259665320254,0.13505194305502116,0.13507792957475467,0.1351039260969977,0.13512993262752646,0.13515594917212168,0.13518197573656845,0.13520801232665638,0.13523405894817955,0.1352601156069364,0.13528618230873002,0.13531225905936778,0.13533834586466165,0.13536444273042808,0.13539054966248795,0.13541666666666666,0.13544279374879414,0.13546893091470474,0.1354950781702374,0.13532818532818533,0.13535431550492372,0.13538045577443028,0.1354066061425536,0.13543276661514683,0.13545893719806762,0.1354851178971782,0.13551130871834524,0.13553750966744005,0.13556372075033843,0.1355899419729207,0.13561617334107176,0.13564241486068113,0.13566866653764273,0.1356949283778552,0.13572120038722169,0.1357474825716499,0.1357737749370521,0.13580007748934522,0.1358263902344507,0.1358527131782946,0.13587904632680753,0.13571151609150833,0.1357378320729106,0.13576415826221877,0.13579049466537343,0.13581684128831975,0.13584319813700757,0.1358695652173913,0.13589594253543003,0.13592233009708737,0.1359487279083317,0.13597513597513597,0.13600155430347777,0.1360279828993393,0.1360544217687075,0.13608087091757387,0.13610733035193467,0.13613380007779075,0.13616028010114764,0.13618677042801555,0.13621327106440942,0.1362397820163488,0.13607163714230094,0.1360981308411215,0.13612463485881207,0.13615114920140242,0.13617767387492694,0.13620420888542478,0.13603586045605146,0.13606237816764133,0.13608890621953598,0.13611544461778471,0.13614199336844157,0.13616855247756535,0.13619512195121952,0.1362217017954723,0.13624829201639665,0.13627489262007028,0.13630150361257568,0.136328125,0.13635475678843523,0.1363813989839781,0.13640805159273012,0.1364347146207975,0.1364613880742913,0.13648807195932733,0.13651476628202622,0.1365414710485133,0.1365681862649188,0.1365949119373777,0.13662164807202976,0.13664839467501957,0.13667515175249656,0.13670191931061496,0.13672869735553378,0.13675548589341693,0.13678228493043307,0.13680909447275577,0.1368359145265634,0.13686274509803922,0.13688958619337124,0.13691643781875246,0.1367471061408672,0.1367739403453689,0.13680078508341512,0.13682764036120926,0.13685450618495976,0.1368813825608798,0.13690826949518758,0.1369351669941061,0.13696207506386324,0.13698899371069181,0.13701592294082957,0.13704286276051908,0.13706981317600786,0.13709677419354838,0.13712374581939799,0.13715072805981898,0.13717772092107852,0.1372047244094488,0.13723173853120693,0.1372587632926349,0.1372857987000197,0.13731284475965327,0.1373399014778325,0.13736696886085928,0.1373940469150404,0.1374211356466877,0.13744823506211792,0.13747534516765286,0.13750246596961926,0.13752959747434887,0.13755673968817841,0.13758389261744966,0.1376110562685094,0.13763823064770933,0.13766541576140628,0.13769261161596208,0.13771981821774354,0.13774703557312254,0.13777426368847598,0.13780150257018584,0.13763100652560806,0.1374604430379747,0.13748763600395647,0.13751483973090622,0.13754205422521273,0.13756927949327,0.13759651554147692,0.13762376237623763,0.13765102000396118,0.1376782884310618,0.13770556766395878,0.1377328577090765,0.1377601585728444,0.13778747026169708,0.13781479278207417,0.13784212614042046,0.13786947034318586,0.1378968253968254,0.13792419130779918,0.13795156808257245,0.13797895572761565,0.1380063542494043,0.13803376365441908,0.13806118394914582,0.1380886151400755,0.1381160572337043,0.13814351023653348,0.13817097415506957,0.13819844899582423,0.13822593476531425,0.13825343147006167,0.13828093911659373,0.1383084577114428,0.1383359872611465,0.13836352777224767,0.13839107925129432,0.13841864170483967,0.13844621513944222,0.13847379956166567,0.13850139497807892,0.13852900139525612,0.1385566188197767,0.13838484546360919,0.13841244515357,0.1384400558547776,0.13846767757382283,0.13829574935142686,0.13832335329341316,0.13835096825713716,0.13837859424920126,0.1384062312762133,0.13843387934478626,0.13846153846153847,0.13848920863309352,0.13851688986608035,0.13854458216713314,0.13857228554289142,0.1386,0.13862772554510902,0.13865546218487396,0.13868320992595556,0.13871096877502,0.13873873873873874,0.13876651982378854,0.13879431203685158,0.1388221153846154,0.1388499298737728,0.13887775551102205,0.13890559230306676,0.1389334402566159,0.1389612993783838,0.13898916967509026,0.13901705115346039,0.13904494382022473,0.1390728476821192,0.13910076274588518,0.1391286890182694,0.1391566265060241,0.1391845752159068,0.1392125351546806,0.13924050632911392,0.13926848874598072,0.1392964824120603,0.13932448733413752,0.1393525035190026,0.13938053097345132,0.13940856970428486,0.13943661971830987,0.13926343328637553,0.1392914653784219,0.1393195087578015,0.13934756343133306,0.1393756294058409,0.13940370668815472,0.13943179528510982,0.13945989520354696,0.13948800645031242,0.13951612903225807,0.13954426295624117,0.13957240822912464,0.1396005648577769,0.13962873284907182,0.139656912209889,0.13968510294711345,0.13971330506763577,0.13974151857835218,0.13976974348616442,0.1397979797979798,0.13982622752071125,0.13985448666127728,0.13988275722660198,0.13991103922361503,0.13993933265925176,0.13996763754045308,0.1397936475824398,0.13982193443949817,0.13985023274640762,0.13987854251012147,0.1399068637375987,0.13993519643580396,0.13996354061170752,0.13999189627228525,0.14002026342451873,0.14004864207539522,0.14007703223190757,0.14010543390105434,0.14013384708983978,0.14016227180527382,0.1401907080543721,0.14021915584415584,0.14024761518165213,0.14007308160779536,0.1401015228426396,0.14012997562956944,0.14015843997562463,0.14018691588785046,0.1402154033732981,0.1402439024390244,0.1402724130920919,0.140097600650671,0.14012609314622737,0.1401545972335232,0.14018311291963378,0.1402116402116402,0.14024017911662934,0.14026872964169382,0.140297291793932,0.14032586558044807,0.140354451008352,0.14038304808475957,0.14041165681679232,0.14044027721157765,0.14046890927624872,0.14049755301794453,0.14052620844380992,0.14035087719298245,0.14037951438481944,0.1404081632653061,0.14043682384160033,0.14046549612086565,0.1404941801102716,0.14052287581699346,0.14055158324821246,0.14058030241111566,0.14060903331289598,0.14063777596075225,0.1406665303618892,0.1406952965235174,0.14072407445285334,0.1407528641571195,0.1407816656435441,0.14081047891936144,0.14083930399181166,0.14086814086814087,0.14089698955560107,0.14092585006145023,0.14095472239295226,0.14098360655737704,0.1410125025620004,0.14104141041410415,0.14086528603649784,0.14089417555373257,0.14092307692307693,0.14095199015182602,0.14098091524728093,0.14100985221674878,0.1410388010675426,0.1408624229979466,0.14089135346066956,0.1409202958093673,0.14094925005136635,0.14097821619399917,0.1410071942446043,0.14103618421052633,0.14106518609911578,0.14109419991772934,0.14112322567372967,0.1411522633744856,0.14118131302737189,0.14121037463976946,0.14123944821906526,0.1412685337726524,0.14129763130792997,0.14132674083230326,0.1413558623531836,0.14138499587798845,0.1414141414141414,0.14144329896907218,0.14147246855021653,0.1415016501650165,0.14153084382092015,0.14156004952538176,0.14158926728586171,0.1416184971098266,0.1416477390047491,0.1416769929781082,0.14170625903738898,0.14173553719008264,0.1417648274436867,0.14179412980570483,0.14182344428364688,0.14185277088502896,0.14188210961737333,0.14191146048820852,0.14173391268363336,0.14176324503311258,0.14179258952597806,0.14182194616977226,0.1418513149720439,0.14188069594034797,0.1419100890822457,0.1419394944053046,0.14196891191709846,0.1419983416252073,0.1420277835372175,0.1420572376607217,0.14208670400331883,0.1421161825726141,0.14214567337621914,0.14196762141967623,0.14199709362673862,0.14181893687707642,0.14184839044652128,0.1418778562525966,0.14190733430292957,0.14193682460515378,0.14196632716690916,0.141995841995842,0.14202536909960492,0.14205490848585692,0.14208446016226337,0.14211402413649604,0.14214360041623308,0.14217318900915904,0.1422027899229648,0.14223240316534777,0.14205373880441574,0.14208333333333334,0.14211294019587414,0.1421425593997499,0.14217219095267875,0.14220183486238533,0.14223149113660064,0.14205256570713393,0.14208220321301898,0.1421118530884808,0.14214151534126487,0.14217118997912317,0.14220087700981415,0.14223057644110276,0.1422602882807604,0.14229001253656498,0.14231974921630094,0.1423494983277592,0.1423792598787372,0.1424090338770389,0.1424388203304748,0.14246861924686194,0.14249843063402384,0.1425282544997907,0.14255809085199916,0.14258793969849246,0.1426178010471204,0.14264767490573943,0.14267756128221246,0.14270746018440905,0.14252777195556487,0.14255765199161424,0.14261744966442952,0.14264736731697084,0.14267729752412925,0.14270724029380902,0.14273719563392107,0.14276716355238295,0.14279714405711885,0.14282713715605966,0.14285714285714285,0.14288716116831268,0.14291719209751996,0.1429472356527223,0.14297729184188393,0.14300736067297581,0.1430374421539756,0.14306753629286767,0.14309764309764308,0.14312776257629972,0.1431578947368421,0.14318803958728155,0.14321819713563605,0.1432483673899305,0.14327855035819637,0.14330874604847207,0.1433389544688027,0.14336917562724014,0.1433994095318431,0.14342965619067707,0.14345991561181434,0.14349018780333403,0.14352047277332208,0.14355077052987122,0.14358108108108109,0.14361140443505807,0.1436417405999155,0.1436720895837735,0.1437024513947591,0.14373282604100612,0.14376321353065538,0.14379361387185452,0.14382402707275804,0.1438544531415274,0.1436732966567922,0.1437037037037037,0.14373412362404742,0.14376455642600042,0.1437950021177467,0.14382546070747723,0.14385593220338982,0.14388641661368934,0.14391691394658754,0.14394742421030315,0.1439779474130619,0.1440084835630965,0.1440390326686466,0.14406959473795883,0.14410016977928694,0.14413075780089152,0.14416135881104034,0.14419197281800808,0.14422259983007646,0.14425323985553432,0.14428389290267743,0.14431455897980872,0.14434523809523808,0.1443759302572826,0.14440663547426627,0.14443735375452033,0.14446808510638298,0.14449882953819962,0.1445295870583227,0.14456035767511177,0.14459114139693355,0.14462193823216188,0.14465274818917767,0.14468357127636905,0.1447144075021313,0.14474525687486678,0.14477611940298507,0.14480699509490297,0.14483788395904437,0.1448687860038404,0.1448997012377294,0.1447171824973319,0.14474807856532879,0.1447789878283152,0.14480991029474582,0.14484084597308267,0.14487179487179488,0.14490275699935884,0.14493373236425822,0.14496472097498397,0.14499572284003423,0.14502673796791443,0.14505776636713735,0.14508880804622298,0.14511986301369864,0.14515093127809892,0.14518201284796575,0.14521310773184837,0.14524421593830333,0.14527533747589458,0.1453064723531933,0.14533762057877814,0.145368782161235,0.1453999571091572,0.14543114543114544,0.14546234713580777,0.14549356223175966,0.14552479072762395,0.1455560326320309,0.14558728795361822,0.14561855670103094,0.1456498388829216,0.14568113450795014,0.14571244358478402,0.14574376612209802,0.1457751021285745,0.14580645161290323,0.14583781458378145,0.14586919104991394,0.1459005810200129,0.1459319845027981,0.14596340150699677,0.14599483204134367,0.14602627611458108,0.14605773373545886,0.14608920491273433,0.14612068965517241,0.14615218797154558,0.14596808969383354,0.14599956868665084,0.14603106125970663,0.14606256742179072,0.14609408718170047,0.14612562054824088,0.14615716753022454,0.1461887281364716,0.14622030237580994,0.14625189025707497,0.14628349178910977,0.14631510698076508,0.14634673584089927,0.1463783783783784,0.14641003460207613,0.14644170452087388,0.14647338814366076,0.14650508547933347,0.14653679653679655,0.14656852132496212,0.1466002598527501,0.14663201212908816,0.14666377816291162,0.1466955579631636,0.14672735153879496,0.14675915889876437,0.14679098005203817,0.14682281500759053,0.14685466377440348,0.1468865263614667,0.1467013888888889,0.14673323203820274,0.14676508901432914,0.14679695982627577,0.14682884448305822,0.14686074299369975,0.14689265536723164,0.1469245816126929,0.14695652173913043,0.14698847575559904,0.14702044367116138,0.14705242549488798,0.14708442123585727,0.1471164309031556,0.14714845450587724,0.1471804920531243,0.14721254355400698,0.14724460901764322,0.14727668845315905,0.14730878186968838,0.14734088927637315,0.1473730106823632,0.1474051460968164,0.1474372955288986,0.1474694589877836,0.1475016364826533,0.14753382802269752,0.14756603361711418,0.14759825327510917,0.14763048700589648,0.14766273481869813,0.14769499672274417,0.14772727272727273,0.14775956284153005,0.14779186707477043,0.14782418543625628,0.14785651793525809,0.14788886458105446,0.14792122538293218,0.14795360035018604,0.14798598949211908,0.14801839281804247,0.14805081033727552,0.14808324205914566,0.1481156879929886,0.14814814814814814,0.14818062253397632,0.14821311115983338,0.1482456140350877,0.14827813116911603,0.1483106625713032,0.14834320825104236,0.14837576821773485,0.14840834248079035,0.1484409310496267,0.1484735339336701,0.14850615114235502,0.14853878268512416,0.14857142857142858,0.14860408881072762,0.14841688654353563,0.14844952716076534,0.14848218213814343,0.1485148514851485,0.1485475352112676,0.14858023332599604,0.14861294583883752,0.14864567275930413,0.1486784140969163,0.14871116986120292,0.1487439400617012,0.1487767247079568,0.1488095238095238,0.14884233737596472,0.14887516541685047,0.14890800794176043,0.14894086496028244,0.14897373648201281,0.1490066225165563,0.1488187237800839,0.14863074204946997,0.1486635741108902,0.1486964206805126,0.14850828729281768,0.14854111405835543,0.1485739553393765,0.14860681114551083,0.1486396814863968,0.1486725663716814,0.14848417791546803,0.1485170429393537,0.14854992251494353,0.14858281665190434,0.1486157253599114,0.14864864864864866,0.14868158652780855,0.1487145390070922,0.14874750609620926,0.14878048780487804,0.14881348414282547,0.14884649511978704,0.14887952074550698,0.14891256102973813,0.14894561598224196,0.14897868561278862,0.149011769931157,0.14904486894713462,0.14907798267051767,0.1491111111111111,0.1491442542787286,0.14895509115162295,0.14898821436513232,0.14902135231316727,0.14905450500556172,0.14908767245215843,0.1491208546628088,0.1491540516473731,0.14918726341572033,0.1492204899777283,0.14925373134328357,0.14928698752228164,0.1493202585246267,0.14935354436023182,0.14938684503901895,0.14942016057091884,0.14945349096587107,0.14926372155287818,0.14929703191251953,0.14933035714285714,0.14936369725385132,0.1493970522554712,0.1494304221576949,0.14946380697050937,0.14949720670391062,0.14953062136790343,0.14956405097250167,0.14959749552772808,0.1496309550436144,0.14966442953020134,0.1496979189975386,0.14973142345568488,0.14976494291470785,0.14979847738468427,0.14983202687569988,0.14986559139784947,0.14989917096123684,0.1499327655759749,0.14974221026675633,0.14977578475336323,0.1498093742991702,0.14984297891431134,0.14987659860892977,0.14991023339317774,0.1499438832772166,0.14997754827121687,0.1500112283853582,0.1500449236298293,0.15007863401482813,0.1498876404494382,0.149921330636098,0.14995503597122303,0.14976388576568472,0.14979757085020243,0.1498312710911136,0.14986498649864988,0.149898717083052,0.14993246285457001,0.14974104931321774,0.14977477477477477,0.14980851543140347,0.1498422712933754,0.14987604237097138,0.14990982867448152,0.14994363021420518,0.14997744700045107,0.15001127904353712,0.1500451263537906,0.1500789889415482,0.15011286681715574,0.1501467599909686,0.1501806684733514,0.15021459227467812,0.15024853140533212,0.15028248587570622,0.15031645569620253,0.15035044087723265,0.15038444142921756,0.15041845736258766,0.1504524886877828,0.1504865354152523,0.15052059755545497,0.15055467511885895,0.15058876811594202,0.1506228765571914,0.15065700045310376,0.15069113981418536,0.15072529465095194,0.1507594649739288,0.15079365079365079,0.15082785212066227,0.15086206896551724,0.1508963013387792,0.15093054925102134,0.15096481271282633,0.15099909173478657,0.151033386327504,0.1510676965015902,0.15110202226766645,0.15113636363636362,0.15117072061832235,0.15120509322419282,0.15123948146463498,0.15127388535031847,0.15108077360637087,0.1511151570323168,0.15114955611199635,0.151183970856102,0.15099066271919837,0.1510250569476082,0.15105946684894053,0.15086599817684596,0.15090038750854798,0.15093479252165984,0.1507411630558723,0.15077554744525548,0.1508099475245266,0.15084436330442721,0.15087879479570873,0.15091324200913242,0.15094770495546928,0.15098218364550023,0.15101667809001598,0.15105118829981717,0.1510857142857143,0.15112025605852766,0.1511548136290876,0.15118938700823423,0.15122397620681766,0.15125858123569794,0.15106431677729457,0.1510989010989011,0.15113350125944586,0.1511681172698122,0.15120274914089346,0.15123739688359303,0.1512720605088242,0.15130674002751032,0.15134143545058473,0.15137614678899083,0.15141087405368203,0.15144561725562183,0.1514803764057838,0.15151515151515152,0.1513203214695752,0.15135507579237484,0.15138984608316103,0.15142463235294118,0.1514594346127327,0.15149425287356322,0.15129914922970797,0.15133394664213431,0.15113871635610765,0.15117349286700416,0.15120828538550057,0.15124309392265192,0.15127791848952338,0.15131275909719025,0.15134761575673808,0.15138248847926267,0.15141737727587,0.15145228215767634,0.1512566290062255,0.15129151291512916,0.15132641291810842,0.15136132902630364,0.15139626125086544,0.15143120960295475,0.15146617409374277,0.1515011547344111,0.15153615153615155,0.15157116451016636,0.15160619366766814,0.1516412390198798,0.1516763005780347,0.1517113783533765,0.15174647235715938,0.15178158260064784,0.15181670909511688,0.15185185185185185,0.15188701088214865,0.15192218619731357,0.15195737780866342,0.1519925857275255,0.15202780996523754,0.1520630505331479,0.15209830744261535,0.15213358070500926,0.1521688703317096,0.15220417633410674,0.15223949872360176,0.1522748375116063,0.1523101927095426,0.15234556432884347,0.1523809523809524,0.1524163568773234,0.15245177782942135,0.15248721524872152,0.15252266914671006,0.15255813953488373,0.15259362642474994,0.1526291298278269,0.15266464975564348,0.15246741154562385,0.15227008149010476,0.15230554261760595,0.15234102026554858,0.15237651444547995,0.1524120251689583,0.15244755244755245,0.15248309629284215,0.1525186567164179,0.15255423372988103,0.15258982734484366,0.15239206534422403,0.15242763772175538,0.15246322671024984,0.15249883232134517,0.15253445456669001,0.15257009345794392,0.15260574900677729,0.15264142122487143,0.15267711012391863,0.15271281571562206,0.15251461988304094,0.1525503041647169,0.15258600514860754,0.15262172284644196,0.1526574572699602,0.15269320843091336,0.15272897634106347,0.1527647610121837,0.1528005624560581,0.15283638068448194,0.15287221570926143,0.1529080675422139,0.15294393619516772,0.15297982167996246,0.15278103731518422,0.1528169014084507,0.15285278234327307,0.15288868013151716,0.1529245947850599,0.15296052631578946,0.15299647473560518,0.1530324400564175,0.15306842229014814,0.15310442144873002,0.15314043754410728,0.1531764705882353,0.15321252059308071,0.15324858757062146,0.15328467153284672,0.15332077249175693,0.15335689045936396,0.15339302544769085,0.1534291774687721,0.15346534653465346,0.15350153265739214,0.1535377358490566,0.15357395612172683,0.1536101934874941,0.15364644795846116,0.1536827195467422,0.1537190082644628,0.15375531412376003,0.15379163713678243,0.15382797731568998,0.15386433467265423,0.15390070921985816,0.15393710096949634,0.15373699148533584,0.15377336172226166,0.15380974917179366,0.15384615384615385,0.15388257575757575,0.15391901491830454,0.15395547134059687,0.15399194503672115,0.15402843601895735,0.15406494429959705,0.1541014698909436,0.15390087740099598,0.15393738140417457,0.15397390272835113,0.15401044138585668,0.15404699738903394,0.15408357075023743,0.1541201614818333,0.15415676959619953,0.15419339510572583,0.15423003802281368,0.15402899928690278,0.15406562054208273,0.15386444708680141,0.1539010466222645,0.1539376635736379,0.15397429795335554,0.15401094977386337,0.15404761904761904,0.15408430578709217,0.15412101000476416,0.15391946628544198,0.15395614871306007,0.1539928486293206,0.15402956604673343,0.15406630097782018,0.15410305343511452,0.154139823431162,0.15417661097852028,0.1542134160897589,0.15425023877745941,0.15428707905421543,0.15432393693263258,0.15436081242532856,0.15439770554493307,0.15443461630408797,0.15447154471544716,0.15450849079167664,0.15454545454545454,0.15458243598947116,0.15461943513642892,0.15465645199904238,0.15469348659003831,0.15473053892215569,0.15476760900814565,0.15480469686077164,0.1548418024928092,0.15487892591704627,0.15491606714628298,0.15495322619333174,0.15499040307101727,0.15502759779217662,0.15506481036965913,0.15510204081632653,0.15513928914505284,0.15493634398270478,0.1549735703988467,0.15501081470800288,0.15504807692307693,0.15508535705698484,0.15512265512265513,0.15515997113302862,0.1551973051010587,0.1552346570397112,0.15527202696196438,0.15530941488080904,0.15534682080924855,0.15538424476029872,0.15542168674698795,0.1554591467823572,0.15549662487945998,0.15553412105136244,0.15557163531114326,0.15560916767189384,0.15564671814671815,0.1556842867487328,0.15572187349106711,0.15575947838686308,0.15579710144927536,0.15583474269147138,0.1556307394876752,0.155668358714044,0.15570599613152805,0.15574365175332527,0.15578132559264635,0.15581901766271475,0.1558567279767667,0.1558944565480513,0.15593220338983052,0.15596996851537903,0.1560077519379845,0.1560455536709474,0.1560833737275812,0.15612121212121213,0.15615906886517944,0.15619694397283532,0.155992236778263,0.156030089784033,0.15606796116504854,0.1561058509346929,0.1561437591063623,0.1561816856934661,0.15621963070942663,0.15625759416767923,0.15629557608167233,0.15633357646486748,0.1563715953307393,0.15640963269277547,0.15644768856447688,0.1564857629593575,0.1565238558909445,0.1565619673727782,0.15660009741841208,0.1566382460414129,0.15667641325536064,0.1567145990738484,0.15675280351048268,0.1567910265788832,0.15682926829268293,0.15686752866552817,0.15690580771107857,0.15694410544300708,0.156982421875,0.15702075702075702,0.15705911089399122,0.15709748350842903,0.15713587487781036,0.15692984600342214,0.1569682151589242,0.15700660308143802,0.15704500978473582,0.15683875703449962,0.15687714145863926,0.1569155446756426,0.15695396669931438,0.15699240754347293,0.15703086722195003,0.15706934574859102,0.1571078431372549,0.15714635940181418,0.15718489455615497,0.15722344861417709,0.15701668302257116,0.15680981595092025,0.1568483063328424,0.1568868156150258,0.1569253438113949,0.156963890935888,0.157002457002457,0.15704104202506758,0.1570796460176991,0.15711826899434472,0.15715691096901133,0.15719557195571957,0.15723425196850394,0.15727295102141275,0.15731166912850814,0.15735040630386604,0.15738916256157637,0.1574279379157428,0.157466732380483,0.15750554596992852,0.15754437869822485,0.15758323057953144,0.1576221016280217,0.15766099185788304,0.15769990128331687,0.15773882991853863,0.15777777777777777,0.15756977031365768,0.15760869565217392,0.15764764022732888,0.15768660405338605,0.15772558714462298,0.15751730959446092,0.15755627009646303,0.15759524987629886,0.15763424894828013,0.15767326732673267,0.15771230502599654,0.15775136206042595,0.1577904384443894,0.15782953419226958,0.15786864931846345,0.15790778383738224,0.15794693776345153,0.1579861111111111,0.15802530389481517,0.15806451612903225,0.1581037478282452,0.15814299900695133,0.15818226967966229,0.1582215598609041,0.1582608695652174,0.15830019880715707,0.15833954760129257,0.15837891596220785,0.15841830390450137,0.15845771144278606,0.15849713859168948,0.15853658536585366,0.15857605177993528,0.15861553784860558,0.15865504358655044,0.15869456900847034,0.15873411412908048,0.15877367896311068,0.15881326352530542,0.15885286783042393,0.1588924918932402,0.15893213572854292,0.1589717993511355,0.15901148277583624,0.15905118601747814,0.1590909090909091,0.15913065201099175,0.1591704147926037,0.15896025993501625,0.159,0.159039759939985,0.15907953976988495,0.15911933950462848,0.15915915915915915,0.15919899874843554,0.15923885828743115,0.1592787377911345,0.1593186372745491,0.15935855675269356,0.1593984962406015,0.15943845575332163,0.15947843530591777,0.1595184349134688,0.15955845459106874,0.15959849435382686,0.15963855421686746,0.15967863419533015,0.15971873430436967,0.15975885455915598,0.15979899497487438,0.15983915556672532,0.15987933634992457,0.1596680915262761,0.1597082494969819,0.15974842767295597,0.15978862606945143,0.15982884470173672,0.15986908358509566,0.1599093427348275,0.15994962216624686,0.1599899218946838,0.16003024193548387,0.16007058230400806,0.1601109430156329,0.1601513240857503,0.1601917255297679,0.16023214736310876,0.16027258960121152,0.1603130522595304,0.16035353535353536,0.1603940388987118,0.16043456291056088,0.16047510740459944,0.16051567239635997,0.16055625790139064,0.16059686393525544,0.16063749051353401,0.16067813765182187,0.1607188053657302,0.16075949367088607,0.16054697391744746,0.16058763931104356,0.1606283253103623,0.16066903193106943,0.16070975918884664,0.16075050709939148,0.16079127567841744,0.16057838660578386,0.16061913219994925,0.16065989847715736,0.1607006854531607,0.1607414931437278,0.16078232156464312,0.16082317073170732,0.16086404066073698,0.1609049313675648,0.16094584286803967,0.16098677517802645,0.16102772831340625,0.16106870229007633,0.16110969712395012,0.16089613034623218,0.1609371021135727,0.1607233825776872,0.16076433121019107,0.1608053007135576,0.16084629110374712,0.16088730239673635,0.16092833460851824,0.16096938775510203,0.1610104618525134,0.1610515569167943,0.16109267296400306,0.1611338100102145,0.1611749680715198,0.16121614716402657,0.16125734730385893,0.16129856850715746,0.16133981079007925,0.16138107416879796,0.16142235865950372,0.16146366427840328,0.16150499104172,0.16154633896569381,0.1615877080665813,0.16162909836065573,0.16167050986420703,0.16171194259354177,0.161497052037939,0.16153846153846155,0.1615798922800718,0.1616213442791175,0.16166281755196305,0.16170431211498973,0.16174582798459564,0.1617873651771957,0.16182892370922167,0.1618705035971223,0.16191210485736315,0.16195372750642673,0.16199537156081253,0.16203703703703703,0.16207872395163364,0.16212043232115286,0.16216216216216217,0.16220391349124613,0.16224568632500644,0.16228748068006182,0.16232929657304818,0.16237113402061856,0.16241299303944315,0.1624548736462094,0.16249677585762187,0.16253869969040247,0.1625806451612903,0.1626226122870418,0.16266460108443068,0.16270661157024793,0.162748643761302,0.16279069767441862,0.16257430860687516,0.1626163391933816,0.1626583915179726,0.1627004655975168,0.1627425614489004,0.1627846790890269,0.1628268185348175,0.16286897980321077,0.16291116291116292,0.16295336787564768,0.16299559471365638,0.16303784344219804,0.1630801140782992,0.1628630705394191,0.162905317769131,0.16294758692267775,0.1629898780171295,0.16303219106957426,0.16307452609711764,0.1631168831168831,0.16315926214601195,0.1632016632016632,0.16324408630101378,0.16328653146125846,0.16332899869960987,0.16337148803329865,0.16341399947957325,0.16345653305570015,0.16349908877896382,0.16354166666666667,0.1635842667361292,0.16362688900468994,0.1636695334897055,0.16371220020855057,0.163754889178618,0.16379760041731872,0.16384033394208192,0.1638830897703549,0.16392586791960323,0.1639686684073107,0.16401149125097936,0.16405433646812956,0.16409720407629996,0.16414009409304756,0.16418300653594772,0.16422594142259414,0.164268898770599,0.1640502354788069,0.1640931693274012,0.16387434554973823,0.1639172558261325,0.1639601885804086,0.16374115797746921,0.1637840670859539,0.16382699868938402,0.1638699528054536,0.16391292945187516,0.16395592864637984,0.1639989504067174,0.16404199475065617,0.1640850616959832,0.1641281512605042,0.1641712634620436,0.16421439831844456,0.16399474375821288,0.1640378548895899,0.164080988693137,0.16412414518674381,0.16416732438831885,0.16421052631578947,0.16425375098710188,0.16429699842022116,0.1640769028180142,0.16412012644889357,0.16389986824769434,0.1639430680021086,0.16398629053519642,0.1640295358649789,0.16407280400949617,0.16411609498680738,0.16415940881499078,0.16420274551214362,0.16424610509638235,0.16428948758584258,0.164332892998679,0.16437632135306554,0.16441977266719535,0.1641988365943945,0.16424226395133562,0.16428571428571428,0.16432918761577137,0.16437268395976706,0.16441620333598095,0.16445974576271186,0.16450331125827813,0.16454689984101747,0.16459051152928703,0.16463414634146342,0.16467780429594273,0.1647214854111406,0.16476518970549217,0.16480891719745222,0.16485266790549508,0.16489644184811472,0.1649402390438247,0.16498405951115835,0.16502790326866862,0.16507177033492823,0.1648497739962776,0.16489361702127658,0.16493748337323758,0.16498137307078234,0.16502528613255257,0.1650692225772098,0.16511318242343542,0.1648907831646244,0.16493471889155342,0.16471215351812366,0.1647560650493202,0.16453333333333334,0.1645772205921579,0.16462113127001068,0.16466506538564185,0.16470902295782167,0.16475300400534046,0.16479700854700854,0.16484103660165642,0.1648850881881347,0.1649291633253141,0.16497326203208557,0.16501738432736027,0.16506153023006956,0.16510569975916511,0.16514989293361884,0.16519410977242302,0.16523835029459025,0.1652826145191535,0.16532690246516613,0.16537121415170195,0.16541554959785523,0.16519174041297935,0.16523605150214593,0.16528038636973438,0.16532474503488997,0.1653691275167785,0.16541353383458646,0.16545796400752083,0.16550241805480925,0.16554689599570008,0.16559139784946236,0.16563592363538585,0.16568047337278108,0.1657250470809793,0.16576964477933262,0.165814266487214,0.16585891222401722,0.1656342580123889,0.16567887931034483,0.16572352465642684,0.16576819407008087,0.16581288757077378,0.16585760517799353,0.165902346911249,0.16567728008634647,0.16572199730094467,0.16549676025917925,0.16554145287604644,0.1655861696380335,0.16563091056471224,0.16567567567567568,0.165720464990538,0.16549486208761494,0.16553962672437111,0.16558441558441558,0.16562922868741542,0.165674066053059,0.16571892770105606,0.1657638136511376,0.1658087239230561,0.16585365853658537,0.16589861751152074,0.16594360086767895,0.16598860862489828,0.16603364080303853,0.166078697421981,0.16612377850162866,0.16616888406190605,0.16621401412275938,0.16625916870415647,0.16630434782608697,0.16634955150856212,0.16639477977161501,0.16644003263530052,0.16648531011969533,0.16653061224489796,0.16657593903102885,0.16662129049823032,0.16666666666666666,0.1667120675565241,0.1667574931880109,0.1668029435813573,0.16657579062159214,0.16662121625306792,0.16666666666666666,0.16671214188267394,0.1667576419213974,0.16653016653016653,0.1665756417258329,0.1666211417645452,0.16666666666666666,0.16671221645258266,0.16675779114270092,0.16680339075745146,0.16684901531728666,0.16689466484268126,0.16694033935413247,0.16698603887215988,0.16703176341730558,0.1670775130101342,0.16712328767123288,0.16716908742121128,0.16721491228070176,0.1672607622703592,0.16703236423477785,0.16707818930041152,0.16712403951701427,0.16716991490529784,0.1672158154859967,0.16726174127986818,0.1673076923076923,0.16735366859027206,0.1673996701484332,0.16744569700302447,0.1674917491749175,0.16753782668500689,0.16758392955421023,0.1676300578034682,0.1676762114537445,0.1677223905260259,0.16776859504132233,0.16781482502066686,0.16786108048511578,0.16790736145574855,0.16795366795366795,0.168,0.16804635761589404,0.16809274082252276,0.16813914964108229,0.16818558409279205,0.16823204419889504,0.16827852998065765,0.16832504145936983,0.16837157865634503,0.16841814159292035,0.16846473029045644,0.16851134477033758,0.16855798505397177,0.1686046511627907,0.16865134311824978,0.16869806094182827,0.16874480465502908,0.16879157427937916,0.16883836983642916,0.16888519134775373,0.16893203883495145,0.16897891231964485,0.16902581182348042,0.1690727373681288,0.16911968897528465,0.16916666666666666,0.16921367046401778,0.16926070038910507,0.16930775646371976,0.1693548387096774,0.16940194714881782,0.169449081803005,0.16949624269412747,0.169543429844098,0.1695906432748538,0.16963788300835655,0.16968514906659238,0.1697324414715719,0.16977976024533037,0.1698271054099275,0.1698744769874477,0.169921875,0.16996929946971812,0.16973757677275264,0.16978497626361352,0.16983240223463686,0.169879854708019,0.16992733370598098,0.1699748392507688,0.17002237136465326,0.17006993006993007,0.17011751538891998,0.17016512734396866,0.1702127659574468,0.17026043125175022,0.17030812324929973,0.17035584197254133,0.17040358744394618,0.17045135968601066,0.17049915872125632,0.17054698457223003,0.17059483726150393,0.17064271681167556,0.17069062324536777,0.17073855658522888,0.1707865168539326,0.17083450407417813,0.17088251826869028,0.1709305594602193,0.17097862767154107,0.1710267229254571,0.1710748452447946,0.1711229946524064,0.17117117117117117,0.17121937482399324,0.17098591549295775,0.1710340941110172,0.17108229988726043,0.17113053284465746,0.17117879300620417,0.17122708039492243,0.17127539503386005,0.17132373694609088,0.17137210615471485,0.17142050268285794,0.17146892655367232,0.1712348120938118,0.1712832108535896,0.17133163698049195,0.17138009049773756,0.17142857142857143,0.17147707979626486,0.17152561562411547,0.17157417893544735,0.17162276975361088,0.171671388101983,0.17172003400396713,0.1717687074829932,0.17181740856251773,0.17186613726602382,0.17191489361702128,0.17196367763904655,0.1720124893556628,0.17206132879045996,0.17211019596705482,0.1721590909090909,0.17220801364023872,0.17225696418419556,0.17230594256468582,0.17235494880546076,0.1724039829302987,0.172168468981218,0.1722174779390834,0.17226651480637814,0.1723155796069496,0.17236467236467237,0.1724137931034483,0.1724629418472064,0.17251211861990304,0.17256132344552197,0.17261055634807418,0.17265981735159816,0.17270910648015986,0.17275842375785266,0.1725221365324193,0.17257142857142857,0.17262074878536723,0.1726700971983991,0.17271947383471548,0.17276887871853547,0.17281831187410587,0.1728677733257012,0.1729172630976238,0.17268041237113402,0.1727298768261243,0.17277936962750717,0.17282889079965605,0.17287844036697247,0.17292801835388585,0.1729776247848537,0.17302725968436156,0.17307692307692307,0.1731266149870801,0.17317633543940264,0.17322608445848894,0.17327586206896553,0.1733256682954872,0.1733755031627372,0.1734253666954271,0.1734752589182969,0.1735251798561151,0.17357512953367876,0.17362510797581343,0.17367511520737328,0.17372515125324114,0.17377521613832853,0.17382530988757566,0.17387543252595156,0.1736371502740121,0.1736872475476053,0.17373737373737375,0.17378752886836027,0.17383771296563674,0.17388792605430387,0.17393816815949148,0.17398843930635838,0.17403873952009252,0.17408906882591094,0.17413942724905987,0.17418981481481483,0.17424023154848045,0.17429067747539084,0.17434115262090935,0.17439165701042875,0.1744421906693712,0.17449275362318842,0.17454334589736156,0.1745939675174014,0.17464461850884827,0.1746952988972722,0.17474600870827287,0.17479674796747968,0.17484751670055185,0.1748983149331784,0.17494914269107817,0.175,0.1750508868857226,0.17510180337405468,0.17515274949083504,0.17520372526193248,0.175254730713246,0.1753057658707047,0.17535683076026798,0.1754079254079254,0.17516758962401632,0.1752186588921283,0.17497812773403323,0.1750291715285881,0.17508024511234316,0.17513134851138354,0.17518248175182483,0.17523364485981308,0.175284837861525,0.17533606078316774,0.17538731365097926,0.17543859649122806,0.17548990933021352,0.17554125219426564,0.17559262510974538,0.1756440281030445,0.17569546120058566,0.1757469244288225,0.17579841781423966,0.17584994138335286,0.1759014951627089,0.17595307917888564,0.17600469345849223,0.176056338028169,0.1761080129145876,0.17615971814445097,0.1762114537444934,0.1762632197414806,0.17631501616220982,0.1763668430335097,0.17641870038224053,0.17647058823529413,0.176522506619594,0.17657445556209536,0.1766264350897851,0.17667844522968199,0.17673048600883653,0.17678255745433116,0.1768346595932803,0.17688679245283018,0.17693895606015925,0.17699115044247787,0.17704337562702863,0.1770956316410862,0.1771479185119575,0.1772002362669817,0.17725258493353027,0.1773049645390071,0.17735737511084837,0.17740981667652278,0.1774622892635315,0.17751479289940827,0.17727138206569992,0.1773238602723505,0.17737636955877997,0.17713270142180096,0.1771851851851852,0.17723770005927683,0.17699377408834865,0.17704626334519574,0.17709878374369623,0.1771513353115727,0.1772039180765806,0.17725653206650832,0.1773091773091773,0.17736185383244207,0.17711738484398218,0.17717003567181927,0.17722271781147786,0.17727543129089826,0.17732817613805416,0.1773809523809524,0.17743376004763323,0.17748659916617035,0.17753946976467083,0.17729439809296782,0.17734724292101342,0.17740011926058438,0.17745302713987474,0.17750596658711218,0.17755893763055805,0.17761194029850746,0.17766497461928935,0.1774193548387097,0.17747236331042726,0.17752540346682605,0.17757847533632287,0.17733253588516745,0.17738558181274305,0.17743865948533813,0.17749176893145766,0.17754491017964072,0.1775980832584606,0.17765128819652487,0.17770452502247527,0.1774580335731415,0.1775112443778111,0.1775644871025795,0.1776177617761776,0.17767106842737096,0.17772440708495948,0.17777777777777778,0.1778311805346951,0.1775841346153846,0.17733694018635407,0.17739025856885146,0.1774436090225564,0.17749699157641396,0.17755040625940416,0.17760385310054183,0.17765733212887685,0.17771084337349397,0.17776438686351312,0.17781796262808922,0.17787157069641243,0.1779252110977081,0.1779788838612368,0.1780325890162945,0.1780863265922125,0.17783816425120774,0.17789187556629418,0.17794561933534744,0.17799939558779088,0.17805320435308344,0.1781070456607197,0.1781609195402299,0.17821482602118002,0.1782687651331719,0.17832273690584316,0.17837674136886736,0.17843077855195397,0.1784848484848485,0.1785389511973325,0.17859308671922378,0.1786472550803761,0.1787014563106796,0.1787556904400607,0.1785063752276867,0.17856058305496508,0.17861482381530985,0.17866909753874202,0.17872340425531916,0.1787777439951353,0.17883211678832117,0.17888652266504412,0.1789409616555082,0.17899543378995433,0.17904993909866018,0.1791044776119403,0.17915904936014626,0.17921365437366657,0.17926829268292682,0.17932296431838976,0.1793776693105552,0.17943240768996033,0.1794871794871795,0.17954198473282443,0.1795968234575443,0.17965169569202566,0.17970660146699266,0.17976154081320697,0.1798165137614679,0.17987152034261242,0.1799265605875153,0.17967554331190694,0.17973055725658296,0.17947932618683002,0.1795343137254902,0.17958933496782103,0.17964438994481913,0.17969947868751918,0.17975460122699385,0.1798097575943541,0.17986494782074894,0.17992017193736567,0.17997542997542998,0.18003072196620584,0.1800860479409957,0.18014140793114047,0.18019680196801968,0.18025223008305136,0.1803076923076923,0.18036318867343798,0.18041871921182265,0.18047428395441947,0.18052988293284042,0.18058551617873653,0.18064118372379778,0.1806968855997533,0.18075262183837137,0.18080839247145944,0.1808641975308642,0.1806112997838839,0.18066707844348362,0.18072289156626506,0.180778739184178,0.18083462132921174,0.18089053803339517,0.18094648932879678,0.18100247524752475,0.181058495821727,0.18111455108359134,0.1811706410653453,0.1812267657992565,0.1812829253176325,0.18133911965282082,0.1813953488372093,0.1814516129032258,0.1815079118833385,0.18156424581005587,0.18162061471592672,0.18167701863354038,0.18173345759552656,0.18178993163455562,0.1818464407833385,0.18190298507462688,0.18195956454121306,0.18170504044803984,0.18176159352629942,0.18181818181818182,0.18187480535658673,0.18193146417445483,0.18198815830476783,0.18204488778054864,0.18210165263486125,0.18215845290081098,0.18221528861154446,0.1822721598002497,0.1823290665001561,0.18238600874453467,0.1824429865666979,0.1825,0.18255704907783682,0.18261413383364603,0.1826712543009071,0.18272841051314143,0.18278560250391238,0.1828428303068253,0.18290009395552773,0.18295739348370926,0.18301472892510184,0.18307210031347962,0.18312950768265915,0.18318695106649938,0.1832444304989018,0.1829880728185813,0.18304552590266876,0.18310301507537688,0.18316054037071944,0.183218101822753,0.18327569946557687,0.18333333333333332,0.18339100346020762,0.18344870988042794,0.18350645262826565,0.18324937027707808,0.18299212598425196,0.18304977945809703,0.18310746927198235,0.18316519546027743,0.18322295805739514,0.1829652996845426,0.18302303565793626,0.1830808080808081,0.1831386169876855,0.1831964624131396,0.18293838862559242,0.18299620733249053,0.1830540625987986,0.18311195445920303,0.18316988294843403,0.18322784810126583,0.18328584995251662,0.18334388853704878,0.18340196388976876,0.18346007604562736,0.18351822503961965,0.18357641090678503,0.18363463368220742,0.18369289340101522,0.18375119009838148,0.18349206349206348,0.18355033343918703,0.18360864040660738,0.18366698442961552,0.18372536554354738,0.1837837837837838,0.18384223918575063,0.18390073178491886,0.1839592616168046,0.18401782871696912,0.1840764331210191,0.18413507486460656,0.18419375398342894,0.1842524705132292,0.18431122448979592,0.18437001594896332,0.18442884492661135,0.18448771145866583,0.18454661558109833,0.18460555732992653,0.18466453674121405,0.18472355385107064,0.18478260869565216,0.18484170131116084,0.18490083173384517,0.18496,0.1850192061459667,0.1850784502081332,0.185137732222934,0.18519705222685037,0.18525641025641026,0.18531580634818853,0.18537524053880694,0.18511389156239974,0.18517329910141206,0.1852327447833066,0.1852922286448298,0.18535175072277546,0.18541131105398456,0.18514946962391515,0.18488745980707397,0.1846252814409778,0.18468468468468469,0.1847441261667203,0.18480360592401804,0.18486312399355878,0.18492268041237114,0.1849822752175314,0.18504190844616378,0.18510158013544017,0.18516129032258064,0.18522103904485318,0.1852808263395739,0.1853406522441072,0.18540051679586564,0.18546042003231017,0.18552036199095023,0.18558034270934368,0.1853169469598965,0.18537690067939178,0.18543689320388348,0.1854969245710586,0.18555699481865284,0.1852931648850016,0.18535320803629293,0.1854132901134522,0.185473411154345,0.18553357119688615,0.1855937702790396,0.18532943849399547,0.18538961038961038,0.18544982137057486,0.18551007147498375,0.1855703607409815,0.18563068920676204,0.1856910569105691,0.18575146389069616,0.18581191018548648,0.185546875,0.185607294041029,0.18566775244299674,0.18572825024437928,0.18578878748370273,0.18584936419954354,0.18558382257012393,0.18531810766721044,0.185378590078329,0.18543911198171728,0.18549967341606793,0.18556027442012415,0.18562091503267975,0.18568159529257927,0.18574231523871812,0.18580307491004253,0.18586387434554974,0.18592471358428805,0.1859855926653569,0.18604651162790697,0.18610747051114024,0.18584070796460178,0.1859016393442623,0.18596261069203018,0.1860236220472441,0.18608467344929439,0.1861457649376231,0.18620689655172415,0.1859395532194481,0.18600065724613868,0.18606180144641682,0.1861229858599145,0.18618421052631579,0.18624547548535703,0.18630678077682686,0.18636812644056636,0.18642951251646903,0.18616144975288304,0.1862228081740277,0.18595450049455983,0.18601583113456466,0.186077202243484,0.18613861386138614,0.1862000660283922,0.18626155878467635,0.1863230921704658,0.18638466622604097,0.18644628099173555,0.1865079365079365,0.18656963281508435,0.18663136995367308,0.18669314796425024,0.18675496688741722,0.18681682676382907,0.18687872763419483,0.18694066953927743,0.1870026525198939,0.18706467661691542,0.18679495686794956,0.18685695320278792,0.18691899070385126,0.18698106941215542,0.18704318936877076,0.1871053506148222,0.18716755319148937,0.18722979714000665,0.18695941450432468,0.1870216306156406,0.1870838881491345,0.18714618714618714,0.1872085276482345,0.18727090969676774,0.18733333333333332,0.18739579859953318,0.1874583055370247,0.18752085418752085,0.1875834445927904,0.18764607679465775,0.18770875083500335,0.18777146675576345,0.18783422459893048,0.18789702440655298,0.1879598662207358,0.18802275008364,0.18808567603748327,0.18781386006026113,0.18787675820495647,0.1879396984924623,0.18800268096514744,0.18806570566543748,0.18779342723004694,0.18785642401878563,0.18791946308724833,0.18798254447801277,0.1880456682337139,0.188108834397044,0.18783602150537634,0.18789915966386556,0.18762609280430398,0.18768920282542886,0.18775235531628534,0.18781555031975766,0.18787878787878787,0.1879420680363759,0.18800539083557952,0.18806875631951467,0.18813216453135537,0.1881956155143339,0.1882591093117409,0.1883226459669254,0.18838622552329506,0.1884498480243161,0.1885135135135135,0.1885772220344711,0.18864097363083165,0.18870476834629693,0.18876860622462788,0.18883248730964466,0.1888964116452268,0.18896037927531323,0.18902439024390244,0.18874957641477466,0.1888135593220339,0.18887758562224483,0.1889416553595658,0.18900576857821513,0.18906992532247116,0.1891341256366723,0.18919836956521738,0.1892626571525654,0.1893269884432359,0.1893913634818089,0.18945578231292518,0.18952024498128614,0.1895847515316542,0.18964930200885258,0.18971389645776568,0.18977853492333902,0.18984321745057942,0.18990794408455505,0.18997271487039563,0.1900375298532924,0.1901023890784983,0.19016729259132809,0.19023224043715847,0.1902972326614281,0.19036226930963773,0.19042735042735043,0.1904924760601915,0.19055764625384877,0.19062286105407256,0.1906881205066758,0.19075342465753425,0.1908187735525865,0.19088416723783413,0.19094960575934178,0.1910150891632373,0.19108061749571184,0.1911461908030199,0.1912118091314796,0.19127747252747251,0.1913431810374442,0.1914089347079038,0.19147473358542455,0.19154057771664373,0.19160646714826282,0.1913282863041982,0.19139414802065405,0.19146005509641872,0.1915260075783672,0.1912474155754652,0.19131334022750776,0.19137931034482758,0.19144532597447395,0.1915113871635611,0.1915774939592682,0.19129834254143646,0.1910189982728843,0.191085003455425,0.19115105426892498,0.1912171507607192,0.1909373919059149,0.19100346020761247,0.19106957424714435,0.19113573407202217,0.19120193972982336,0.19126819126819128,0.19133448873483536,0.1914008321775312,0.19112036073534514,0.19118667591950034,0.19125303713988198,0.19131944444444443,0.19138589788120874,0.19145239749826268,0.19151894334376085,0.19158553546592488,0.19165217391304348,0.19171885873347252,0.19178558997563522,0.1919191919191919,0.1916376306620209,0.19170442662948764,0.19177126917712692,0.19183815835367982,0.19190509420795535,0.19197207678883071,0.1920391061452514,0.19210618232623122,0.19217330538085256,0.19224047535826633,0.19230769230769232,0.19237495627841902,0.19244226731980407,0.19250962548127407,0.19257703081232494,0.19264448336252188,0.19271198318149965,0.1927795303189625,0.19284712482468444,0.1929147667485093,0.19298245614035087,0.19305019305019305,0.1931179775280899,0.1928345626975764,0.19290231904427266,0.1929701230228471,0.1930379746835443,0.19310587407667956,0.193173821252639,0.1932418162618796,0.19330985915492957,0.19337794998238816,0.19309372797744892,0.19280930560451182,0.19287729196050776,0.19294532627865962,0.1930134086097389,0.19308153900458877,0.1931497175141243,0.19321794418933239,0.19328621908127208,0.1933545422410746,0.1934229137199434,0.19349133356915457,0.1935598018400566,0.19327433628318583,0.193342776203966,0.19341126461211477,0.19347980155917788,0.1935483870967742,0.19361702127659575,0.19368570415040795,0.1937544357700497,0.19382321618743345,0.19389204545454544,0.19396092362344583,0.19367448471926083,0.19374333451830786,0.19381223328591748,0.19388118107435076,0.19395017793594305,0.1940192239231043,0.19408831908831908,0.19415746348414678,0.19422665716322166,0.19429590017825313,0.19436519258202567,0.19443453442739922,0.19450392576730907,0.19457336665476616,0.19464285714285715,0.19471239728474454,0.1947819871336669,0.19485162674293885,0.19492131616595135,0.19499105545617174,0.19506084466714388,0.19513068385248836,0.19520057306590258,0.1952705123611609,0.1953405017921147,0.19541054141269273,0.19548063127690102,0.1955507714388231,0.19562096195262024,0.19569120287253142,0.19576149425287356,0.19583183614804167,0.195902228612509,0.19597267170082705,0.1960431654676259,0.1957538682979489,0.19582433405327573,0.19553474972992438,0.19560518731988472,0.19567567567567568,0.19574621485219898,0.19581680490443562,0.1958874458874459,0.19595813785636954,0.196028880866426,0.19609967497291442,0.19617052023121387,0.19624141669678352,0.1963123644251627,0.19638336347197108,0.19645441389290882,0.1965255157437568,0.19659666908037654,0.1966678739587106,0.1967391304347826,0.19681043856469735,0.19651921682378534,0.1965904969169387,0.19666182873730043,0.19637023593466424,0.19644153957879448,0.1965128950236106,0.19622093023255813,0.19592875318066158,0.196,0.196071298654056,0.19614264919941776,0.19621405169275574,0.19628550619082302,0.19635701275045536,0.19642857142857142,0.1965001822821728,0.19657184536834427,0.19664356074425393,0.19671532846715328,0.19678714859437751,0.1968590211833455,0.1969309462915601,0.19700292397660818,0.19707495429616087,0.19714703730797367,0.19721917306988657,0.1972913616398243,0.19736360307579642,0.19743589743589743,0.19750824477830708,0.1975806451612903,0.19765309864319766,0.19772560528246516,0.19743119266055045,0.19750367107195302,0.19757620271759088,0.1976487876561352,0.19772142594634326,0.19779411764705881,0.19749908054431775,0.19757174392935983,0.19764446080235554,0.19771723122238585,0.19779005524861878,0.19786293294030952,0.19793586435680058,0.19800884955752213,0.19808188860199188,0.1981549815498155,0.1982281284606866,0.198301329394387,0.19837458441078684,0.1984478935698448,0.19852125693160813,0.19859467455621302,0.19866814650388456,0.19874167283493707,0.19881525360977415,0.1988888888888889,0.19896257873286402,0.19903632320237213,0.19911012235817574,0.19881305637982197,0.19888682745825603,0.1989606533036377,0.1986632008911994,0.1987369985141159,0.19881085098476403,0.19888475836431227,0.19895872071402007,0.19903273809523808,0.19910681056940827,0.19918093819806404,0.19925512104283055,0.19932935916542474,0.1994036526276556,0.1994780014914243,0.19955240581872435,0.19962686567164178,0.19970138111235536,0.19977595220313668,0.1998505790063504,0.19992526158445442,0.2,0.20007479431563202,0.20014964459408904,0.2002245508982036,0.2002995132909023,0.20037453183520598,0.20044960659423006,0.20052473763118442,0.20059992500937382,0.20067516879219804,0.20075046904315197,0.20082582582582584,0.20090123920390537,0.20097670924117206,0.20105223600150318,0.20112781954887218,0.20120345994734862,0.20127915726109857,0.20097854723372224,0.20105421686746988,0.2007532956685499,0.20082893745290128,0.20052770448548812,0.20060331825037708,0.2006789890607318,0.20075471698113206,0.2008305020762552,0.20090634441087613,0.20098224404986778,0.20105820105820105,0.20113421550094518,0.20121028744326777,0.20128641695043512,0.20098410295230887,0.20106020446800454,0.20113636363636364,0.20121258052292534,0.2012888551933283,0.20136518771331058,0.20144157814871017,0.2015180265654649,0.20159453302961275,0.20167109760729207,0.20174772036474165,0.20182440136830102,0.20190114068441065,0.20197793837961203,0.20167427701674276,0.20175104682146935,0.20182787509520184,0.2019047619047619,0.20198170731707318,0.20205871139916126,0.20213577421815407,0.20221289584128196,0.20229007633587787,0.20236731576937764,0.20244461420932008,0.20252197172334735,0.20259938837920488,0.20267686424474188,0.20275439938791126,0.20283199387677,0.2029096477794793,0.20298736116430485,0.20306513409961685,0.20314296665389037,0.20322085889570551,0.20291522823168393,0.2029930928626247,0.20307101727447216,0.2031490015360983,0.20322704571648098,0.20330514988470408,0.20338331410995772,0.20346153846153847,0.20353982300884957,0.20361816782140107,0.20369657296881016,0.20377503852080123,0.20385356454720616,0.20393215111796453,0.2040107983031238,0.2040895061728395,0.20416827479737554,0.20424710424710424,0.20432599459250675,0.2044049459041731,0.20448395825280247,0.2045630317092034,0.204642166344294,0.20472136222910217,0.20480061943476577,0.20487993803253293,0.2049593180937621,0.20503875968992247,0.20511826289259402,0.20519782777346782,0.20527745440434614,0.20535714285714285,0.2054368932038835,0.20512820512820512,0.20520792848814615,0.2052877138413686,0.20536756126021002,0.20544747081712061,0.2055274425846633,0.205607476635514,0.20568757304246202,0.20576773187840997,0.20584795321637428,0.2059282371294852,0.20600858369098712,0.20608899297423888,0.20616946505271377,0.20625,0.2063305978898007,0.20602032838154807,0.20610089949159172,0.20618153364632238,0.20626223091976517,0.20634299138606108,0.20642381511946728,0.20650470219435738,0.2061936495491964,0.20627450980392156,0.20635543350333463,0.20651747153513939,0.206598586017282,0.20667976424361492,0.20676100628930819,0.20684231222965002,0.2069236821400472,0.20700511609602518,0.20716817644742025,0.20724980299448384,0.20733149389042177,0.20741324921135645,0.20749506903353057,0.20757695343330704,0.20765890248716937,0.20774091627172195,0.20782299486369024,0.20790513833992094,0.20798734677738237,0.20806962025316456,0.20815195884447962,0.2082343626286619,0.2079207920792079,0.20800316957210777,0.2080856123662307,0.20816812053925457,0.20825069416898057,0.20833333333333334,0.20841603811036125,0.2084988085782367,0.20858164481525626,0.208664546899841,0.20874751491053678,0.20883054892601433,0.20891364902506965,0.2089968152866242,0.20908004778972522,0.20916334661354583,0.2092467118373854,0.20933014354066987,0.20941364180295174,0.20949720670391062,0.20958083832335328,0.20966453674121405,0.2093487814622453,0.20943245403677058,0.20951619352259096,0.2096,0.20968387354941978,0.20936749399519616,0.20945134160993192,0.20953525641025642,0.2096192384769539,0.20970328789093826,0.2097874047332531,0.20987158908507222,0.2099558410276997,0.21004016064257028,0.20972278023302532,0.20980707395498394,0.20989143546441497,0.20997586484312147,0.21006036217303822,0.21014492753623187,0.21022956101490134,0.21031426269137793,0.21039903264812576,0.21048387096774193,0.21056877773295685,0.2106537530266344,0.2107387969317723,0.21082390953150243,0.2109090909090909,0.21099434114793855,0.21107966033158107,0.2111650485436893,0.21125050586806962,0.21133603238866397,0.21142162818955043,0.21150729335494328,0.21159302796919335,0.2116788321167883,0.21176470588235294,0.21185064935064934,0.21193666260657734,0.21202274573517466,0.21170255993498577,0.21178861788617886,0.21187474583163887,0.21196094385679415,0.21204721204721205,0.21213355048859936,0.21221995926680245,0.21230643846780767,0.2119853240929474,0.21207177814029363,0.211750305997552,0.21183673469387754,0.2119232339730502,0.21200980392156862,0.21209644462607274,0.21218315617334424,0.2118609406952965,0.21194762684124385,0.21203438395415472,0.21171171171171171,0.21179844326095862,0.21188524590163935,0.2119721197211972,0.21205906480721903,0.21214608124743536,0.21223316912972084,0.21232032854209446,0.2124075595727198,0.21249486230990547,0.21258223684210525,0.21266968325791855,0.21275720164609052,0.21284479209551255,0.2129324546952224,0.2130201895344046,0.21310799670239078,0.2131958762886598,0.2132838283828383,0.21337185307470077,0.2134599504541701,0.21354812061131764,0.21363636363636362,0.21372467961967756,0.21381306865177832,0.2139015308233347,0.21357615894039736,0.21366459627329193,0.21375310687655344,0.2138416908412764,0.21393034825870647,0.21401907922024058,0.21410788381742737,0.21419676214196762,0.21428571428571427,0.21437474034067303,0.2144638403990025,0.21455301455301456,0.2146422628951747,0.21473158551810237,0.21482098251457118,0.21491045397750938,0.215,0.21508962067528137,0.2151793160967473,0.21526908635794745,0.21535893155258765,0.21544885177453027,0.21553884711779447,0.21562891767655662,0.2157190635451505,0.21580928481806774,0.21589958158995817,0.21598995395562998,0.21608040201005024,0.21575198994553832,0.21584241408214586,0.21593291404612158,0.2160234899328859,0.2161141418380193,0.2162048698572628,0.21629567408651826,0.21638655462184875,0.21647751155947878,0.21656854499579478,0.21665965502734538,0.21675084175084175,0.2168421052631579,0.21693344566133108,0.21702486304256216,0.21711635750421585,0.21720792914382117,0.21729957805907174,0.21739130434782608,0.21748310810810811,0.2175749894381073,0.2176669484361792,0.21775898520084566,0.21785109983079526,0.2179432924248836,0.2180355630821338,0.21812791190173655,0.21822033898305085,0.2178889359898262,0.2179813401187447,0.21807382265591854,0.21816638370118846,0.21825902335456476,0.2183517417162277,0.21844453888652784,0.2185374149659864,0.21863037005529562,0.21872340425531914,0.21881651766709237,0.21890971039182283,0.2190029825308905,0.2186700767263427,0.2187633262260128,0.2188566552901024,0.21895006402048656,0.21904355251921434,0.21870995301153354,0.2188034188034188,0.21889696451474988,0.21899059024807527,0.21908429610611896,0.2191780821917808,0.21927194860813704,0.21936589545844046,0.21945992284612087,0.2195540308747856,0.21964821964821965,0.21974248927038625,0.21983683984542723,0.21993127147766323,0.22002578427159433,0.22012037833190026,0.22021505376344086,0.22030981067125646,0.22040464916056823,0.22049956933677864,0.22016372253339078,0.21982758620689655,0.21992238033635186,0.2200172562553926,0.220112214069918,0.22020725388601037,0.2203023758099352,0.22039757994814174,0.2204928664072633,0.22058823529411764,0.22068368671570748,0.22077922077922077,0.2208748375920312,0.22097053726169844,0.22106631989596878,0.22116218560277537,0.22125813449023862,0.22135416666666666,0.2214502822405558,0.2211120764552563,0.22120817036071275,0.22130434782608696,0.22140060896041758,0.22149695387293297,0.22159338267305181,0.22168989547038329,0.22178649237472767,0.22188317349607672,0.22197993894461404,0.22207678883071552,0.2221737232649498,0.22227074235807862,0.22236784622105724,0.22246503496503497,0.2225623087013555,0.2226596675415573,0.22275711159737419,0.22285464098073554,0.22295225580376699,0.22304995617879053,0.22314774221832528,0.22324561403508772,0.2233435717419921,0.22344161545215102,0.2231005709266579,0.22319859402460457,0.22329670329670329,0.2233948988566403,0.2234931808183018,0.22359154929577466,0.22369000440334655,0.22378854625550662,0.2234464521815778,0.22354497354497355,0.22364358182620203,0.2237422771403354,0.223841059602649,0.2234982332155477,0.22359699513919576,0.22369584438549955,0.22379478107032286,0.22389380530973452,0.22399291722000886,0.2240921169176262,0.22374833850243686,0.22384751773049646,0.22394678492239467,0.22404614019520852,0.2241455836662228,0.22424511545293072,0.2243447356730342,0.22444444444444445,0.22454424188528235,0.22464412811387902,0.22474410324877614,0.22439893143365983,0.2244988864142539,0.22459893048128343,0.22469906375390103,0.22435325602140946,0.22445336903168228,0.22455357142857144,0.22465386333184456,0.22475424486148346,0.2248547161376844,0.22495527728085868,0.2250559284116331,0.2251566696508505,0.22525750111957007,0.224910394265233,0.22501120573733752,0.22511210762331837,0.22521310004486317,0.2253141831238779,0.22541535698248766,0.22551662174303683,0.22561797752808987,0.22571942446043167,0.22582096266306792,0.22592259225922592,0.2260243133723548,0.22612612612612612,0.22622803064443442,0.22633002705139765,0.2264321154713577,0.22653429602888087,0.22663656884875846,0.22673893405600723,0.22684139177586987,0.22694394213381555,0.2265943012211669,0.22669683257918552,0.22679945676776822,0.2269021739130435,0.22700498414136838,0.2271078875793291,0.2272108843537415,0.22731397459165154,0.2274171584203359,0.22706630336058128,0.22716946842344388,0.22727272727272727,0.22692132787630742,0.227024567788899,0.2271279016841147,0.2272313296903461,0.2273348519362187,0.22743846855059252,0.2275421796625627,0.22764598540145986,0.22774988589685075,0.2278538812785388,0.22795797167656465,0.22806215722120657,0.22816643804298126,0.2282708142726441,0.22791762013729977,0.22802197802197802,0.22812643151626202,0.22823098075160403,0.22833562585969738,0.22844036697247708,0.22854520422212024,0.22865013774104684,0.22875516766192008,0.22886029411764705,0.2289655172413793,0.22907083716651333,0.2291762540266912,0.2292817679558011,0.22938737908797788,0.2294930875576037,0.22959889349930843,0.22970479704797048,0.22981079833871712,0.2299168975069252,0.2300230946882217,0.2301293900184843,0.2302357836338419,0.2303422756706753,0.23044886626561778,0.23055555555555557,0.23066234367762853,0.23076923076923078,0.23087621696801114,0.23098330241187384,0.23109048723897913,0.23119777158774374,0.23130515559684162,0.23141263940520446,0.2315202231520223,0.23116279069767443,0.23127035830618892,0.2313780260707635,0.23148579413134607,0.23159366262814537,0.2317016317016317,0.23180970149253732,0.23191787214185722,0.23202614379084968,0.23166744511910323,0.23177570093457944,0.2318840579710145,0.23199251637043966,0.23210107627515209,0.23220973782771537,0.2323185011709602,0.232427366447985,0.23253633380215658,0.2326454033771107,0.2327545753167527,0.23286384976525823,0.23297322686707375,0.23308270676691728,0.23319228960977903,0.2333019755409219,0.23341176470588235,0.2335216572504708,0.2336316533207725,0.23374175306314798,0.23385195662423386,0.2339622641509434,0.2340726757904672,0.23418319169027385,0.23382144544166272,0.2339319470699433,0.23404255319148937,0.23415326395458846,0.23379081874112637,0.23390151515151514,0.23401231643770726,0.23412322274881517,0.23423423423423423,0.23434535104364326,0.23445657332700523,0.23409306742640076,0.2342042755344418,0.23431558935361216,0.2344270090347123,0.23453853472882968,0.23465016658733936,0.23476190476190475,0.23487374940447833,0.2349857006673022,0.23462088698140202,0.2342557251908397,0.23436754176610977,0.23447946513849094,0.23459149546106067,0.23422562141491396,0.234337637494022,0.23444976076555024,0.23456199138343706,0.23467432950191572,0.23478677527551509,0.2348993288590604,0.23453237410071942,0.23464491362763915,0.23475756120979357,0.23439000960614795,0.23450264296011533,0.23461538461538461,0.23472823472823473,0.23484119345524543,0.23495426095329802,0.2350674373795761,0.23518072289156627,0.23529411764705882,0.23540762180414856,0.23552123552123552,0.23515210043457266,0.23526570048309178,0.23537941034316096,0.23549323017408125,0.235607160135462,0.2357212003872217,0.2358353510895884,0.23594961240310078,0.23557925351429956,0.23569350145489815,0.23580786026200873,0.23592233009708738,0.23603691112190384,0.23615160349854228,0.23626640738940205,0.23638132295719844,0.2364963503649635,0.23661148977604674,0.23672674135411592,0.23684210526315788,0.23695758166747927,0.2370731707317073,0.23718887262079064,0.2373046875,0.23742061553492916,0.2375366568914956,0.23765281173594133,0.23776908023483365,0.23788546255506607,0.23800195886385897,0.2381185693287604,0.23774509803921567,0.2378616969102501,0.2379784102060844,0.23809523809523808,0.2382121807465619,0.23783783783783785,0.23795476892822026,0.23807181505164782,0.23818897637795275,0.2378138847858198,0.23793103448275862,0.23804829965500246,0.23816568047337278,0.23828317710902813,0.23840078973346496,0.23851851851851852,0.23863636363636365,0.23875432525951557,0.23837784371909002,0.23849579416130628,0.2386138613861386,0.23873204556711244,0.23885034687809711,0.2389687654933069,0.2390873015873016,0.2392059553349876,0.23932472691161866,0.23944361649279683,0.23956262425447317,0.23968175037294878,0.2393034825870647,0.23942259830761572,0.23954183266932272,0.23966118584952667,0.23928215353938184,0.23940149625935161,0.23952095808383234,0.23964053919121317,0.23976023976023977,0.239880059970015,0.2395,0.23961980990495246,0.23973973973973975,0.2398597896845268,0.23997995991983967,0.24010025062656642,0.24022066198595787,0.2403411941796287,0.24046184738955823,0.24058262179809142,0.2407035175879397,0.240824534942182,0.24044265593561368,0.24006039255158532,0.24018126888217523,0.2403022670025189,0.2404233870967742,0.2405446293494705,0.24066599394550958,0.2407874810701666,0.2409090909090909,0.24103082364830722,0.24115267947421637,0.24127465857359637,0.24139676113360323,0.24151898734177216,0.24164133738601823,0.2417638114546376,0.24188640973630832,0.2420091324200913,0.24213197969543146,0.24225495175215844,0.2423780487804878,0.24250127097102187,0.24262461851475076,0.24274809160305344,0.24287169042769857,0.24248599083036168,0.24260958205912334,0.2427332993370729,0.24285714285714285,0.24298111281265952,0.24310520939734423,0.24271844660194175,0.24284253578732107,0.24245524296675192,0.24257932446264074,0.24270353302611367,0.24282786885245902,0.24295233213736545,0.24307692307692308,0.2432016418676244,0.2433264887063655,0.24345146379044685,0.24357656731757452,0.24370179948586118,0.24382716049382716,0.24395265054040144,0.24407826982492276,0.24420401854714066,0.2443298969072165,0.2439401753481176,0.2435500515995872,0.24367578729994838,0.24328512396694216,0.2434108527131783,0.2435367114788004,0.24366270046559751,0.24378881987577639,0.2439150699119627,0.24404145077720207,0.24416796267496113,0.24429460580912862,0.24390243902439024,0.24402907580477673,0.24363636363636362,0.24376299376299376,0.24336973478939158,0.24349635796045785,0.24362311296199896,0.24375,0.24387701928087546,0.2440041710114703,0.2436098069900887,0.24321503131524008,0.24281984334203655,0.24294670846394983,0.24307370622059593,0.24320083682008367,0.24332810047095763,0.24345549738219896,0.24358302776322682,0.24371069182389937,0.24383848977451494,0.2439664218258132,0.2440944881889764,0.24422268907563024,0.2443510246978455,0.2444794952681388,0.24460810099947397,0.24473684210526317,0.24486571879936808,0.24499473129610116,0.24512387981022668,0.24525316455696203,0.24485488126649077,0.24498416050686378,0.2451135763338616,0.2452431289640592,0.24484399788471709,0.24497354497354498,0.2451032292218105,0.24523305084745764,0.2453630100688924,0.2454931071049841,0.24562334217506632,0.24575371549893843,0.2458842272968667,0.24601487778958556,0.24614566719829878,0.24627659574468086,0.24640766365087813,0.24653887113951012,0.24667021843367076,0.24680170575692964,0.2464,0.24599786552828176,0.24612920448478376,0.24626068376068377,0.24639230358097275,0.246524064171123,0.24665596575708934,0.2467880085653105,0.24638457418318158,0.2465166130760986,0.24664879356568364,0.24678111587982832,0.24691358024691357,0.24704618689581095,0.24717893605588392,0.24731182795698925,0.24744486282947822,0.24757804090419805,0.24771136241249328,0.2478448275862069,0.24797843665768193,0.2481121898597627,0.248246087425796,0.24838012958963282,0.2485143165856294,0.2481081081081081,0.2482422931314224,0.2483766233766234,0.24851109907958852,0.24864572047670638,0.24878048780487805,0.24891540130151843,0.2490504612045578,0.249185667752443,0.2487778381314503,0.24891304347826088,0.24850462207721588,0.2486398258977149,0.2487751769188895,0.24891067538126363,0.24904632152588557,0.24918211559432935,0.24931805782869612,0.24945414847161573,0.2490442381212452,0.24918032786885247,0.24931656642974304,0.24945295404814005,0.24958949096880131,0.2497261774370208,0.24986301369863015,0.25,0.2501371365880417,0.2502744237102086,0.2498627127951675,0.25,0.25013743815283124,0.25027502750275027,0.25041276829939463,0.2505506607929515,0.25068870523415976,0.2508269018743109,0.25096525096525096,0.25055187637969095,0.2506902263942573,0.25082872928176797,0.25096738529574353,0.25055309734513276,0.2506917542888766,0.25083056478405313,0.25096952908587256,0.25110864745011086,0.2512479201331115,0.25083240843507215,0.2509716823986674,0.2511111111111111,0.25125069483046136,0.25139043381535037,0.25153032832498606,0.2516703786191537,0.2518105849582173,0.25195094760312153,0.2520914668153932,0.25223214285714285,0.25237297599106645,0.25251396648044694,0.25265511458915596,0.25279642058165547,0.25293788472299944,0.2525195968645017,0.25210084033613445,0.25168161434977576,0.25182277061132924,0.25196408529741865,0.2515440763615946,0.251685393258427,0.2518268690275436,0.25196850393700787,0.25211029825548675,0.25225225225225223,0.2523943661971831,0.2525366403607666,0.2526790750141004,0.2528216704288939,0.25296442687747034,0.25310734463276835,0.2532504239683437,0.25339366515837103,0.2529711375212224,0.25311438278595694,0.2526912181303116,0.2522675736961451,0.25241066364152015,0.2525539160045403,0.2526973310618966,0.2528409090909091,0.25298465036952816,0.25312855517633676,0.2532726237905521,0.25341685649202733,0.2535612535612536,0.2537058152793615,0.25385054192812323,0.2539954337899543,0.2541404911479155,0.2542857142857143,0.25443110348770726,0.2545766590389016,0.25472238122495705,0.25486827033218784,0.25501432664756446,0.2551605504587156,0.25530694205393,0.2554535017221584,0.2556002297530155,0.25517241379310346,0.2553191489361702,0.2554660529344074,0.2556131260794473,0.2557603686635945,0.2559077809798271,0.2560553633217993,0.25620311598384304,0.25635103926096997,0.2564991334488735,0.2566473988439306,0.25679583574320414,0.2569444444444444,0.25709322524609146,0.2572421784472769,0.2573913043478261,0.25754060324825984,0.2576900754497969,0.2578397212543554,0.25740848343986056,0.2569767441860465,0.2571262361838278,0.2572759022118743,0.25742574257425743,0.25757575757575757,0.2577259475218659,0.25787631271878647,0.2580268534734384,0.25817757009345793,0.25832846288720046,0.2584795321637427,0.2586307782328847,0.25878220140515223,0.2589338019917985,0.25908558030480655,0.2586510263929619,0.25880281690140844,0.2589547856723429,0.25851938895417154,0.25808348030570255,0.25823529411764706,0.2583872866391995,0.2585394581861013,0.25869180907483796,0.25884433962264153,0.25899705014749264,0.25914994096812277,0.25930301240401654,0.2594562647754137,0.25960969840331166,0.2591715976331361,0.25932504440497334,0.259478672985782,0.25963248369887376,0.2597864768683274,0.2599406528189911,0.26009501187648454,0.26024955436720143,0.26040428061831156,0.26055919095776325,0.26071428571428573,0.2602739726027397,0.26042908224076283,0.26058437686344665,0.2607398568019093,0.2608955223880597,0.26105137395459976,0.2612074118350269,0.26136363636363635,0.26152004787552363,0.26107784431137726,0.26123427201917315,0.26139088729016785,0.2615476904619076,0.2617046818727491,0.2618618618618619,0.2620192307692308,0.26157546602525555,0.26173285198555957,0.26189042745334135,0.2620481927710843,0.2616033755274262,0.26115802171290714,0.2613156306578153,0.2614734299516908,0.26163141993957706,0.2617896009673519,0.2619479733817302,0.26210653753026636,0.26226529376135677,0.26242424242424245,0.26258338386901153,0.26274271844660196,0.2629022465088039,0.26306196840826246,0.26261398176291795,0.26277372262773724,0.26293365794278756,0.2630937880633374,0.263254113345521,0.2634146341463415,0.26357535082367295,0.26373626373626374,0.2638973732437385,0.26405867970660146,0.26422018348623855,0.26438188494492043,0.2645437844458053,0.2647058823529412,0.26486817903126914,0.2650306748466258,0.26519337016574585,0.26474201474201475,0.26490473263675474,0.2650676506765068,0.2652307692307692,0.26539408866995073,0.26555760936537276,0.2657213316892725,0.26588525601480567,0.2660493827160494,0.26621371216800493,0.26637824474660077,0.2665429808286951,0.2667079207920792,0.26687306501547986,0.2670384138785626,0.2672039677619343,0.2673697270471464,0.2675356921166977,0.2677018633540373,0.26786824114356744,0.26803482587064675,0.268201617921593,0.26774595267745954,0.26791277258566976,0.26807980049875313,0.26824703680598877,0.26779026217228463,0.2679575265459088,0.268125,0.267667292057536,0.26783479349186484,0.2680025046963056,0.2681704260651629,0.2683385579937304,0.2685069008782936,0.26867545511613306,0.26884422110552764,0.2690131992457574,0.2691823899371069,0.26935179358086847,0.2695214105793451,0.2696912413358538,0.2698612862547289,0.27003154574132493,0.2702020202020202,0.2703727100442198,0.27054361567635904,0.27071473750790637,0.2708860759493671,0.27042431918936033,0.270595690747782,0.2707672796448954,0.27093908629441626,0.27111111111111114,0.27064803049555275,0.2708200890019072,0.27099236641221375,0.27116486314449395,0.2713375796178344,0.27151051625239003,0.27168367346938777,0.27185705169112956,0.2720306513409962,0.2722044728434505,0.27237851662404094,0.272552783109405,0.2727272727272727,0.2729019859064702,0.27307692307692305,0.27261064785118666,0.27278562259306804,0.2729608220937701,0.2731362467866324,0.2733118971061093,0.2734877734877735,0.2736638763683194,0.27384020618556704,0.27401676337846553,0.27419354838709675,0.27437056165267915,0.2745478036175711,0.27472527472527475,0.2742561448900388,0.2737864077669903,0.27396373056994816,0.2741412832145172,0.27431906614785995,0.2744970798182998,0.2746753246753247,0.27485380116959063,0.27503250975292587,0.27521145087833443,0.275390625,0.2755700325732899,0.2757496740547588,0.2759295499021526,0.27610966057441255,0.2762900065316786,0.27647058823529413,0.27665140614780903,0.2768324607329843,0.2770137524557957,0.27719528178243774,0.27737704918032785,0.27755905511811024,0.2777413000656599,0.2779237844940867,0.2781065088757396,0.27828947368421053,0.2784726793943384,0.27865612648221344,0.27883981542518127,0.279023746701847,0.27854785478547855,0.27807133421400265,0.27825512227362853,0.27843915343915343,0.2786234281932495,0.2781456953642384,0.2783300198807157,0.27851458885941643,0.278699402786994,0.2788844621513944,0.27906976744186046,0.2785904255319149,0.27877578176979373,0.2789613848202397,0.279147235176549,0.2793333333333333,0.27951967978652437,0.27970627503337786,0.2798931195724783,0.2800802139037433,0.2802675585284281,0.28045515394912984,0.28064300066979236,0.2808310991957105,0.28101945003353457,0.28120805369127516,0.2813969106783076,0.28091397849462363,0.28110289172831204,0.2812920592193809,0.2814814814814815,0.2816711590296496,0.28118678354686444,0.2807017543859649,0.28089128966914245,0.2810810810810811,0.2812711291413117,0.2814614343707713,0.28165199729180773,0.28184281842818426,0.28203389830508474,0.28222523744911804,0.28241683638832316,0.2826086956521739,0.28280081577158395,0.2829931972789116,0.2831858407079646,0.28337874659400547,0.2828902522154056,0.2830832196452933,0.2825938566552901,0.2827868852459016,0.28298017771701983,0.28317373461012313,0.28336755646817247,0.28356164383561644,0.2830705962988348,0.2832647462277092,0.2834591626630062,0.28365384615384615,0.2838487972508591,0.2840440165061898,0.28355127322780455,0.2837465564738292,0.2839421088904204,0.28413793103448276,0.28433402346445824,0.2845303867403315,0.2847270214236351,0.2842323651452282,0.2844290657439446,0.28462603878116344,0.28482328482328484,0.28502080443828015,0.28521859819569745,0.2847222222222222,0.2849200833912439,0.2851182197496523,0.28531663187195544,0.28551532033426186,0.2850174216027875,0.28521617852161785,0.2854152128401954,0.2856145251396648,0.28581411600279527,0.28601398601398603,0.28621413575927224,0.2864145658263305,0.2859145059565522,0.2861150070126227,0.2863157894736842,0.28651685393258425,0.286718200983837,0.2869198312236287,0.2871217452498241,0.28732394366197184,0.2868217054263566,0.28702397743300423,0.2865208186309104,0.2867231638418079,0.28692579505300353,0.28642149929278643,0.28662420382165604,0.2868271954674221,0.2870304748405386,0.2872340425531915,0.28743789921930446,0.28764204545454547,0.2878464818763326,0.2880512091038407,0.28825622775800713,0.28846153846153844,0.2886671418389166,0.2888730385164051,0.2890792291220557,0.2885714285714286,0.28877769835596856,0.2882689556509299,0.2884753042233357,0.28868194842406875,0.28888888888888886,0.2883787661406026,0.28858578607322327,0.28879310344827586,0.289000718907261,0.2892086330935252,0.2894168466522678,0.2896253602305475,0.2891131939437635,0.2893217893217893,0.2895306859205776,0.2897398843930636,0.28994938539407084,0.2901591895803184,0.29036929761042723,0.29057971014492756,0.2907904278462654,0.2910014513788099,0.29121278140885987,0.2914244186046512,0.29163636363636364,0.2918486171761281,0.2920611798980335,0.2922740524781341,0.29175784099197666,0.291970802919708,0.2921840759678597,0.29239766081871343,0.29261155815654716,0.29282576866764276,0.29304029304029305,0.2932551319648094,0.29273661041819515,0.29295154185022027,0.2931667891256429,0.2933823529411765,0.293598233995585,0.29381443298969073,0.29403095062638174,0.2942477876106195,0.2944649446494465,0.29394387001477107,0.29416112342941614,0.2943786982248521,0.29459659511472985,0.2948148148148148,0.2950333580429948,0.2952522255192878,0.29547141796585,0.29569093610698366,0.29516728624535316,0.29538690476190477,0.2956068503350707,0.29582712369597614,0.2960477255779269,0.2962686567164179,0.29648991784914114,0.296711509715994,0.2961854899027674,0.2964071856287425,0.2966292134831461,0.29610194902548725,0.29632408102025504,0.2957957957957958,0.29601803155522166,0.2954887218045113,0.29571106094808125,0.29593373493975905,0.2961567445365486,0.29638009049773756,0.29660377358490564,0.29682779456193353,0.29705215419501135,0.2972768532526475,0.2975018925056775,0.29772727272727273,0.2979529946929492,0.29817905918057663,0.2984054669703872,0.2986322188449848,0.2980988593155893,0.2983257229832572,0.2985529322162985,0.29878048780487804,0.2990083905415713,0.29923664122137406,0.2994652406417112,0.2996941896024465,0.2999234889058914,0.3001531393568147,0.3003831417624521,0.29984662576687116,0.30007674597083656,0.30030721966205837,0.3005380476556495,0.3007692307692308,0.3010007698229407,0.3012326656394453,0.30146491904394757,0.30169753086419754,0.3019305019305019,0.30216383307573413,0.3023975251353442,0.3026315789473684,0.30286599535243997,0.30310077519379847,0.30333591931730025,0.30357142857142855,0.3038073038073038,0.30404354587869364,0.3042801556420233,0.3045171339563863,0.3047544816835542,0.3042121684867395,0.3044496487119438,0.3046875,0.3049257232212666,0.3051643192488263,0.3054032889584965,0.3056426332288401,0.3058823529411765,0.30612244897959184,0.3063629222309505,0.30660377358490565,0.3068450039339103,0.30708661417322836,0.3065405831363278,0.306782334384858,0.30702446724546173,0.30647709320695105,0.3059288537549407,0.3061708860759494,0.30641330166270786,0.30665610142630745,0.3068992862807296,0.30714285714285716,0.3073868149324861,0.3068362480127186,0.30708035003977724,0.3073248407643312,0.3075697211155379,0.3078149920255183,0.30806065442936953,0.3083067092651757,0.3085531574740208,0.3088,0.3090472377902322,0.3092948717948718,0.3095429029671211,0.3097913322632424,0.3100401606425703,0.3102893890675241,0.31053901850362026,0.3107890499194847,0.31103948428686545,0.31048387096774194,0.3107344632768362,0.31017770597738287,0.3104284559417947,0.3098705501618123,0.30931174089068825,0.3095623987034036,0.3098134630981346,0.3092532467532468,0.30950446791226643,0.3097560975609756,0.31000813669650124,0.31026058631921827,0.3105134474327628,0.3107667210440457,0.3110204081632653,0.3112745098039216,0.3115290269828291,0.3117839607201309,0.31203931203931207,0.3122950819672131,0.3125512715340443,0.312807881773399,0.31306491372226786,0.31332236842105265,0.3135802469135803,0.3130148270181219,0.31327287716405605,0.3127062706270627,0.3129644921552436,0.31322314049586775,0.3134822167080232,0.31374172185430466,0.3140016570008285,0.31343283582089554,0.3136929460580913,0.313953488372093,0.314214463840399,0.3144758735440932,0.3147377185678601,0.315,0.31526271893244373,0.31552587646076796,0.31495405179615704,0.31521739130434784,0.31548117154811717,0.3149078726968174,0.31517183570829843,0.31543624161073824,0.3157010915197313,0.31596638655462184,0.3162321278385198,0.31565656565656564,0.3159224936815501,0.31618887015177066,0.31645569620253167,0.31672297297297297,0.3169907016060862,0.3164128595600677,0.31668077900084673,0.3169491525423729,0.31721798134011875,0.3174872665534805,0.3177570093457944,0.31802721088435376,0.31829787234042556,0.3185689948892675,0.3188405797101449,0.3191126279863481,0.3193851409052092,0.31965811965811963,0.31993156544054746,0.3202054794520548,0.32047986289631536,0.32075471698113206,0.32103004291845494,0.32130584192439865,0.32158211521926056,0.32099827882960413,0.32127476313522824,0.32068965517241377,0.32096635030198445,0.32124352331606215,0.32152117545375974,0.3217993079584775,0.3220779220779221,0.3223570190641248,0.3217692974848222,0.3220486111111111,0.32232841007819285,0.3226086956521739,0.3228894691035683,0.3231707317073171,0.3234524847428073,0.3237347294938918,0.3240174672489083,0.3243006993006993,0.32458442694663164,0.3248686514886165,0.32427695004382123,0.32456140350877194,0.32484635645302895,0.3251318101933216,0.3254177660510114,0.3257042253521127,0.32599118942731276,0.3253968253968254,0.324801412180053,0.3250883392226148,0.3253757736516357,0.3256637168141593,0.3259521700620018,0.3262411347517731,0.32653061224489793,0.3259325044404973,0.32622222222222225,0.3265124555160142,0.3268032056990205,0.3270944741532977,0.32738626226583406,0.32767857142857143,0.32797140303842715,0.3282647584973166,0.3285586392121755,0.3288530465949821,0.3291479820627803,0.32944344703770195,0.3297394429469901,0.3300359712230216,0.33033303330333036,0.33063063063063064,0.3309287646528404,0.3312274368231047,0.33062330623306235,0.3309222423146474,0.33031674208144796,0.33061594202898553,0.3300090661831369,0.33030852994555354,0.33060853769300635,0.33090909090909093,0.33121019108280253,0.331511839708561,0.3318140382862352,0.3324200913242009,0.3327239488117002,0.33302836230558097,0.3333333333333333,0.33363886342804766,0.3330275229357798,0.3333333333333333,0.3336397058823529,0.33394664213431463,0.3342541436464088,0.3345622119815668,0.3348708487084871,0.33425669436749766,0.3345656192236599,0.333950046253469,0.33425925925925926,0.3345690454124189,0.33487940630797774,0.33519034354688954,0.3355018587360595,0.33488372093023255,0.33519553072625696,0.33550792171481825,0.3358208955223881,0.33613445378151263,0.3355140186915888,0.33489242282507015,0.3342696629213483,0.3345829428303655,0.3348968105065666,0.3352112676056338,0.3355263157894737,0.33584195672624645,0.3361581920903955,0.3364750235626767,0.33679245283018866,0.3371104815864023,0.33742911153119093,0.33774834437086093,0.3380681818181818,0.33838862559241706,0.3377609108159393,0.3371320037986705,0.33745247148288976,0.33777354900095147,0.3380952380952381,0.33841754051477596,0.3387404580152672,0.3390639923591213,0.33938814531548755,0.3397129186602871,0.3400383141762452,0.33940556088207097,0.3397312859884837,0.3400576368876081,0.3403846153846154,0.34071222329162654,0.3400770712909441,0.3404050144648023,0.3407335907335907,0.34009661835748795,0.33945841392649906,0.33978702807357214,0.3391472868217054,0.3394762366634336,0.33980582524271846,0.3401360544217687,0.3404669260700389,0.34079844206426485,0.341130604288499,0.3404878048780488,0.3408203125,0.3411534701857282,0.34148727984344424,0.34084231145935356,0.3411764705882353,0.34151128557409227,0.3418467583497053,0.3421828908554572,0.3425196850393701,0.34285714285714286,0.3431952662721893,0.3435340572556762,0.3438735177865613,0.34421364985163205,0.3445544554455445,0.34489593657086226,0.34523809523809523,0.3445878848063555,0.34493041749502984,0.345273631840796,0.3456175298804781,0.34496510468594216,0.34530938123752497,0.34565434565434566,0.346,0.34634634634634637,0.3466933867735471,0.34704112337011034,0.3473895582329317,0.34773869346733666,0.34808853118712274,0.34843907351460224,0.3487903225806452,0.3491422805247225,0.34949494949494947,0.34984833164812945,0.35020242914979755,0.3505572441742654,0.3509127789046653,0.35126903553299493,0.3516260162601626,0.35096642929806715,0.3513238289205703,0.3516819571865443,0.3520408163265306,0.35240040858018384,0.35276073619631904,0.35209825997952915,0.3524590163934426,0.3517948717948718,0.3521560574948665,0.35149023638232274,0.35185185185185186,0.35221421215242016,0.3525773195876289,0.35190918472652216,0.3522727272727273,0.3516028955532575,0.35196687370600416,0.35129533678756475,0.3516597510373444,0.35202492211838005,0.35135135135135137,0.3506763787721124,0.35104166666666664,0.35140771637122004,0.35177453027139877,0.3510971786833856,0.3514644351464435,0.3518324607329843,0.35115303983228513,0.3515215110178384,0.35189075630252103,0.352260778128286,0.3526315789473684,0.3530031612223393,0.35337552742616035,0.35374868004223864,0.35412262156448204,0.35343915343915344,0.3538135593220339,0.3531283138918346,0.3535031847133758,0.3538788522848034,0.35425531914893615,0.3546325878594249,0.35501066098081024,0.35538954108858056,0.3557692307692308,0.35508021390374334,0.3554603854389722,0.3558413719185423,0.3551502145922747,0.35553168635875404,0.3548387096774194,0.35414424111948334,0.3545258620689655,0.35490830636461707,0.35529157667386607,0.35567567567567565,0.3560606060606061,0.3564463705308776,0.3557483731019523,0.3550488599348534,0.35543478260869565,0.35473340587595215,0.355119825708061,0.3555070883315158,0.3548034934497817,0.3540983606557377,0.3544857768052516,0.3537787513691128,0.3541666666666667,0.3545554335894621,0.35494505494505496,0.35533553355335534,0.355726872246696,0.35501653803748623,0.3554083885209713,0.3546961325966851,0.35508849557522126,0.3554817275747508,0.3558758314855876,0.3562708102108768,0.3566666666666667,0.35706340378198,0.3574610244988864,0.35785953177257523,0.35825892857142855,0.3575418994413408,0.3579418344519016,0.3583426651735722,0.35874439461883406,0.35914702581369246,0.3595505617977528,0.35995500562429694,0.36036036036036034,0.36076662908680945,0.3600451467268623,0.36045197740112994,0.3608597285067873,0.36126840317100795,0.36167800453514737,0.3620885357548241,0.3625,0.36291240045506257,0.36332574031890663,0.3637400228050171,0.363013698630137,0.36342857142857143,0.36270022883295194,0.3619702176403207,0.3623853211009174,0.36280137772675086,0.3620689655172414,0.3624856156501726,0.3629032258064516,0.3633217993079585,0.36374133949191684,0.3630057803468208,0.36342592592592593,0.3638470451911935,0.36310904872389793,0.3635307781649245,0.363953488372093,0.36437718277066355,0.36480186480186483,0.36406067677946324,0.3644859813084112,0.3649122807017544,0.36533957845433257,0.365767878077374,0.36619718309859156,0.36662749706227965,0.36705882352941177,0.3674911660777385,0.36792452830188677,0.36835891381345925,0.36879432624113473,0.36923076923076925,0.3696682464454976,0.36892052194543296,0.3681710213776722,0.3686087990487515,0.36904761904761907,0.3694874851013111,0.36992840095465396,0.36917562724014336,0.3696172248803828,0.37005988023952097,0.36930455635491605,0.3697478991596639,0.3701923076923077,0.3694344163658243,0.3686746987951807,0.36791314837153194,0.36835748792270534,0.3688029020556227,0.36803874092009686,0.36848484848484847,0.36893203883495146,0.36938031591737547,0.36982968369829683,0.3702801461632156,0.37073170731707317,0.36996336996337,0.3691931540342298,0.36964504283965727,0.36887254901960786,0.3693251533742331,0.36855036855036855,0.36900369003690037,0.3694581280788177,0.36991368680641185,0.37037037037037035,0.37082818294190356,0.3712871287128713,0.37174721189591076,0.37220843672456577,0.37267080745341613,0.373134328358209,0.37359900373599003,0.3740648379052369,0.3732833957553059,0.3725,0.37296620775969963,0.37343358395989973,0.3739021329987453,0.3743718592964824,0.37484276729559746,0.37531486146095716,0.37578814627994955,0.37626262626262624,0.37673830594184576,0.37721518987341773,0.376425855513308,0.3769035532994924,0.37738246505717915,0.37786259541984735,0.37707006369426754,0.3762755102040816,0.3767560664112388,0.3772378516624041,0.37772087067861715,0.3782051282051282,0.37869062901155326,0.3791773778920309,0.37966537966537967,0.3801546391752577,0.38064516129032255,0.38113695090439276,0.3816300129366106,0.38082901554404147,0.38132295719844356,0.38181818181818183,0.3823146944083225,0.3815104166666667,0.3820078226857888,0.3825065274151436,0.38169934640522873,0.38089005235602097,0.381389252948886,0.38188976377952755,0.3823915900131406,0.3828947368421053,0.383399209486166,0.3839050131926121,0.3844121532364597,0.38492063492063494,0.38543046357615895,0.3859416445623342,0.38645418326693226,0.38563829787234044,0.38615179760319573,0.38533333333333336,0.38584779706275035,0.38636363636363635,0.3868808567603748,0.3873994638069705,0.38791946308724834,0.3870967741935484,0.38627187079407804,0.3867924528301887,0.3873144399460189,0.3864864864864865,0.3870094722598105,0.3875338753387534,0.3880597014925373,0.38858695652173914,0.3877551020408163,0.388283378746594,0.3888130968622101,0.38934426229508196,0.3898768809849521,0.3904109589041096,0.39094650205761317,0.3914835164835165,0.390646492434663,0.39118457300275483,0.3917241379310345,0.39226519337016574,0.3914246196403873,0.39196675900277006,0.3925104022191401,0.39166666666666666,0.3908205841446453,0.39136490250696376,0.39191073919107394,0.3924581005586592,0.3916083916083916,0.39215686274509803,0.39270687237026647,0.39185393258426965,0.3924050632911392,0.39154929577464787,0.3921015514809591,0.3926553672316384,0.3932107496463932,0.3923512747875354,0.39148936170212767,0.39204545454545453,0.39260312944523473,0.39173789173789175,0.39229671897289586,0.3914285714285714,0.3905579399141631,0.39111747851002865,0.3902439024390244,0.39080459770114945,0.3899280575539568,0.3904899135446686,0.39105339105339104,0.3916184971098266,0.3921852387843705,0.3927536231884058,0.39332365747460085,0.39244186046511625,0.3930131004366812,0.3935860058309038,0.39416058394160586,0.39473684210526316,0.3953147877013177,0.39589442815249265,0.3964757709251101,0.39705882352941174,0.3961708394698085,0.3967551622418879,0.397341211225997,0.3979289940828402,0.3985185185185185,0.3991097922848665,0.39821693907875183,0.39732142857142855,0.3979135618479881,0.39850746268656717,0.3976083707025411,0.39820359281437123,0.3988005997001499,0.3978978978978979,0.3969924812030075,0.39759036144578314,0.39819004524886875,0.3987915407854985,0.39939485627836613,0.4,0.3990895295902883,0.3981762917933131,0.3987823439878234,0.3978658536585366,0.3984732824427481,0.39908256880733944,0.3996937212863706,0.4003067484662577,0.39938556067588327,0.4,0.39907550077041604,0.39969135802469136,0.3987635239567233,0.3993808049535604,0.4,0.40062111801242234,0.401244167962675,0.40186915887850466,0.40093603744149764,0.4015625,0.40219092331768386,0.40282131661442006,0.40188383045525905,0.4025157232704403,0.4031496062992126,0.4037854889589905,0.40442338072669826,0.4050632911392405,0.40570522979397783,0.40634920634920635,0.4069952305246423,0.40764331210191085,0.4082934609250399,0.40894568690095845,0.4096,0.41025641025641024,0.41091492776886035,0.4115755627009646,0.41223832528180354,0.4129032258064516,0.4135702746365105,0.41423948220064727,0.41491085899513774,0.4155844155844156,0.416260162601626,0.4153094462540717,0.4159869494290375,0.4166666666666667,0.41734860883797054,0.4180327868852459,0.41707717569786534,0.41776315789473684,0.4184514003294893,0.41914191419141916,0.41983471074380163,0.4205298013245033,0.42122719734660036,0.4219269102990033,0.4226289517470882,0.4216666666666667,0.42237061769616024,0.4230769230769231,0.423785594639866,0.42449664429530204,0.42521008403361343,0.42592592592592593,0.4266441821247892,0.42736486486486486,0.428087986463621,0.4271186440677966,0.42784380305602715,0.42857142857142855,0.4293015332197615,0.4283276450511945,0.42905982905982903,0.4280821917808219,0.42710120068610635,0.42783505154639173,0.42857142857142855,0.42758620689655175,0.4283246977547496,0.4273356401384083,0.42807625649913345,0.4270833333333333,0.42782608695652175,0.42857142857142855,0.4293193717277487,0.43006993006993005,0.4308231173380035,0.4298245614035088,0.4305799648506151,0.4295774647887324,0.42857142857142855,0.4293286219081272,0.4300884955752212,0.4308510638297872,0.43161634103019536,0.43238434163701067,0.43137254901960786,0.43214285714285716,0.4329159212880143,0.4336917562724014,0.43447037701974867,0.43345323741007197,0.43423423423423424,0.43501805054151627,0.4358047016274864,0.4365942028985507,0.43738656987295826,0.4381818181818182,0.43897996357012753,0.43795620437956206,0.43875685557586835,0.43772893772893773,0.43853211009174314,0.43933823529411764,0.44014732965009207,0.44095940959409596,0.4417744916820702,0.4425925925925926,0.44341372912801486,0.4423791821561338,0.44320297951582865,0.44402985074626866,0.44485981308411215,0.4438202247191011,0.4446529080675422,0.44360902255639095,0.4444444444444444,0.44528301886792454,0.44612476370510395,0.44696969696969696,0.4478178368121442,0.4467680608365019,0.44761904761904764,0.44656488549618323,0.44550669216061184,0.4444444444444444,0.44529750479846447,0.4461538461538462,0.44701348747591524,0.44787644787644787,0.44874274661508706,0.4496124031007752,0.44854368932038835,0.4474708171206226,0.44834307992202727,0.447265625,0.4481409001956947,0.44901960784313727,0.449901768172888,0.44881889763779526,0.44970414201183434,0.4505928853754941,0.4495049504950495,0.4503968253968254,0.45129224652087474,0.450199203187251,0.4491017964071856,0.45,0.45090180360721444,0.45180722891566266,0.4507042253521127,0.45161290322580644,0.45252525252525255,0.4534412955465587,0.4543610547667343,0.45528455284552843,0.45621181262729127,0.45714285714285713,0.45807770961145194,0.45901639344262296,0.459958932238193,0.4609053497942387,0.45979381443298967,0.45867768595041325,0.45962732919254656,0.45850622406639,0.4594594594594595,0.46041666666666664,0.4592901878914405,0.4602510460251046,0.4612159329140461,0.46008403361344535,0.4589473684210526,0.459915611814346,0.4608879492600423,0.461864406779661,0.46284501061571126,0.46382978723404256,0.464818763326226,0.4658119658119658,0.4668094218415418,0.4656652360515021,0.4645161290322581,0.46336206896551724,0.46436285097192226,0.46320346320346323,0.4642082429501085,0.46304347826086956,0.46405228758169936,0.462882096069869,0.4638949671772429,0.46271929824561403,0.46153846153846156,0.46255506607929514,0.4613686534216336,0.46017699115044247,0.4611973392461197,0.4622222222222222,0.4610244988864143,0.46205357142857145,0.4608501118568233,0.4618834080717489,0.46292134831460674,0.46396396396396394,0.46275395033860045,0.46153846153846156,0.46258503401360546,0.4636363636363636,0.4646924829157175,0.4657534246575342,0.4668192219679634,0.46559633027522934,0.4666666666666667,0.46774193548387094,0.46882217090069284,0.4699074074074074,0.4709976798143852,0.4720930232558139,0.47086247086247085,0.4719626168224299,0.47306791569086654,0.47417840375586856,0.47294117647058825,0.4716981132075472,0.4728132387706856,0.471563981042654,0.47268408551068886,0.4738095238095238,0.47494033412887826,0.47607655502392343,0.47721822541966424,0.47596153846153844,0.4746987951807229,0.4758454106280193,0.4745762711864407,0.47572815533980584,0.4768856447688564,0.47560975609756095,0.4767726161369193,0.47794117647058826,0.47911547911547914,0.47783251231527096,0.4765432098765432,0.4777227722772277,0.47890818858560796,0.48009950248756217,0.47880299251870323,0.4775,0.47869674185463656,0.47738693467336685,0.4760705289672544,0.47474747474747475,0.4759493670886076,0.4746192893401015,0.4758269720101781,0.4731457800511509,0.47435897435897434,0.4755784061696658,0.47680412371134023,0.4780361757105943,0.4792746113989637,0.4805194805194805,0.4791666666666667,0.4804177545691906,0.4816753926701571,0.48293963254593175,0.4842105263157895,0.48548812664907653,0.48677248677248675,0.4854111405835544,0.48404255319148937,0.4826666666666667,0.4839572192513369,0.48525469168900803,0.4838709677419355,0.48517520215633425,0.4864864864864865,0.4878048780487805,0.4891304347826087,0.4904632152588556,0.4890710382513661,0.4904109589041096,0.49175824175824173,0.4931129476584022,0.494475138121547,0.49584487534626037,0.49444444444444446,0.4958217270194986,0.49441340782122906,0.49299719887955185,0.4943820224719101,0.49577464788732395,0.4971751412429379,0.49575070821529743,0.4971590909090909,0.4985754985754986,0.5,0.501432664756447,0.5,0.49855907780979825,0.5,0.4985507246376812,0.5,0.5014577259475219,0.5,0.501466275659824,0.5029411764705882,0.5014749262536873,0.5029585798816568,0.5044510385756676,0.5029761904761905,0.5014925373134328,0.5029940119760479,0.5045045045045045,0.5060240963855421,0.5045317220543807,0.5060606060606061,0.5045592705167173,0.5030487804878049,0.5015290519877675,0.5030674846625767,0.5046153846153846,0.5061728395061729,0.5077399380804953,0.5093167701863354,0.5077881619937694,0.509375,0.5078369905956113,0.5094339622641509,0.5110410094637224,0.5126582278481012,0.5111111111111111,0.5127388535031847,0.5143769968051118,0.5160256410256411,0.5176848874598071,0.5193548387096775,0.517799352750809,0.5194805194805194,0.5179153094462541,0.5196078431372549,0.5180327868852459,0.5164473684210527,0.5181518151815182,0.5198675496688742,0.521594684385382,0.5233333333333333,0.5250836120401338,0.5268456375838926,0.5252525252525253,0.5236486486486487,0.5220338983050847,0.5204081632653061,0.5221843003412969,0.523972602739726,0.5257731958762887,0.5275862068965518,0.5259515570934256,0.5243055555555556,0.5261324041811847,0.5244755244755245,0.5263157894736842,0.5246478873239436,0.524822695035461,0.5266903914590747,0.5285714285714286,0.5304659498207885,0.5287769784172662,0.5306859205776173,0.532608695652174,0.5345454545454545,0.5364963503649635,0.5384615384615384,0.5367647058823529,0.5350553505535055,0.5370370370370371,0.5353159851301115,0.5373134328358209,0.5393258426966292,0.5375939849624061,0.539622641509434,0.5416666666666666,0.5437262357414449,0.5458015267175572,0.5440613026819924,0.5461538461538461,0.5444015444015444,0.5465116279069767,0.5447470817120622,0.546875,0.5490196078431373,0.5511811023622047,0.5533596837944664,0.5515873015873016,0.5537848605577689,0.552,0.5502008032128514,0.5524193548387096,0.5506072874493927,0.5528455284552846,0.5510204081632653,0.5532786885245902,0.551440329218107,0.5537190082644629,0.5560165975103735,0.5583333333333333,0.5606694560669456,0.5630252100840336,0.5654008438818565,0.5635593220338984,0.5659574468085107,0.5641025641025641,0.5665236051502146,0.5646551724137931,0.5670995670995671,0.5695652173913044,0.5720524017467249,0.5745614035087719,0.5770925110132159,0.5796460176991151,0.5822222222222222,0.5848214285714286,0.5874439461883408,0.5900900900900901,0.5927601809954751,0.5909090909090909,0.593607305936073,0.5963302752293578,0.5944700460829493,0.5925925925925926,0.5953488372093023,0.5981308411214953,0.6009389671361502,0.5990566037735849,0.5971563981042654,0.6,0.5980861244019139,0.5961538461538461,0.5942028985507246,0.5970873786407767,0.6,0.5980392156862745,0.5960591133004927,0.599009900990099,0.5970149253731343,0.595,0.592964824120603,0.5909090909090909,0.5888324873096447,0.5867346938775511,0.5846153846153846,0.5824742268041238,0.5803108808290155,0.5833333333333334,0.581151832460733,0.5842105263157895,0.582010582010582,0.5797872340425532,0.5828877005347594,0.5860215053763441,0.5837837837837838,0.5869565217391305,0.5846994535519126,0.5879120879120879,0.5911602209944752,0.5888888888888889,0.5921787709497207,0.5898876404494382,0.5875706214689266,0.5909090909090909,0.5885714285714285,0.5919540229885057,0.5895953757225434,0.5872093023255814,0.5847953216374269,0.5882352941176471,0.5857988165680473,0.5833333333333334,0.5808383233532934,0.5843373493975904,0.5878787878787879,0.5914634146341463,0.588957055214724,0.5925925925925926,0.5962732919254659,0.59375,0.5974842767295597,0.6012658227848101,0.5987261146496815,0.5961538461538461,0.5935483870967742,0.5909090909090909,0.5947712418300654,0.5986842105263158,0.6026490066225165,0.6066666666666667,0.6040268456375839,0.6013513513513513,0.6054421768707483,0.6095890410958904,0.6137931034482759,0.6111111111111112,0.6153846153846154,0.6197183098591549,0.6170212765957447,0.6142857142857143,0.6187050359712231,0.6159420289855072,0.6204379562043796,0.6176470588235294,0.6148148148148148,0.6194029850746269,0.6240601503759399,0.6212121212121212,0.6259541984732825,0.6230769230769231,0.627906976744186,0.6328125,0.6377952755905512,0.6428571428571429,0.648,0.6451612903225806,0.6504065040650406,0.6557377049180327,0.6528925619834711,0.65,0.6470588235294118,0.6440677966101694,0.6495726495726496,0.646551724137931,0.6521739130434783,0.6491228070175439,0.6460176991150443,0.6517857142857143,0.6486486486486487,0.6545454545454545,0.6513761467889908,0.6574074074074074,0.6542056074766355,0.6509433962264151,0.6571428571428571,0.6538461538461539,0.6601941747572816,0.6568627450980392,0.6534653465346535,0.66,0.6666666666666666,0.6632653061224489,0.6701030927835051,0.6770833333333334,0.6736842105263158,0.6808510638297872,0.6774193548387096,0.6847826086956522,0.6813186813186813,0.6777777777777778,0.6741573033707865,0.6818181818181818,0.6781609195402298,0.6744186046511628,0.6705882352941176,0.6666666666666666,0.6626506024096386,0.6585365853658537,0.654320987654321,0.6625,0.6582278481012658,0.6538461538461539,0.6623376623376623,0.6710526315789473,0.6666666666666666,0.6756756756756757,0.6712328767123288,0.6666666666666666,0.676056338028169,0.6714285714285714,0.6666666666666666,0.6764705882352942,0.6716417910447762,0.6666666666666666,0.6615384615384615,0.65625,0.6666666666666666,0.6612903225806451,0.6721311475409836,0.6833333333333333,0.6779661016949152,0.6724137931034483,0.6666666666666666,0.6607142857142857,0.6545454545454545,0.6666666666666666,0.660377358490566,0.6538461538461539,0.6666666666666666,0.66,0.673469387755102,0.6875,0.6808510638297872,0.6739130434782609,0.6666666666666666,0.6590909090909091,0.6511627906976745,0.6428571428571429,0.6341463414634146,0.65,0.6666666666666666,0.6578947368421053,0.6756756756756757,0.6666666666666666,0.6857142857142857,0.6764705882352942,0.696969696969697,0.6875,0.7096774193548387,0.7333333333333333,0.7241379310344828,0.7142857142857143,0.7407407407407407,0.7307692307692307,0.72,0.7083333333333334,0.6956521739130435,0.6818181818181818,0.6666666666666666,0.65,0.6842105263157895,0.6666666666666666,0.6470588235294118,0.625,0.6,0.6428571428571429,0.6153846153846154,0.6666666666666666,0.6363636363636364,0.7,0.6666666666666666,0.625,0.5714285714285714,0.5,0.6,0.75,0.6666666666666666,0.5,0.0,1.0,
