trainLoss: [352660.91044715047,241473.68569782376,236638.72725868225,235322.97411894798,234726.50707924366,234403.37833869457,234200.12817248702,234013.71584916115,233817.6358383596,233541.3828662932,233291.08041462302,233084.48416009545,232929.2814720273,232828.88098299503,232724.54723885655,232627.95962110162,232555.3412334919,232465.92334118485,232398.07906365395,232323.44159790874]
testLoss: [71428.04133319855,69449.09146595001,65276.30332517624,64360.00529527664,66755.77780342102,66865.97915697098,64027.762417793274,65395.40855073929,65264.07907581329,64644.641958236694,64127.623003959656,64847.43628168106,62026.351689338684,63412.76671409607,63384.82616329193,64683.04490375519,62456.8817486763,63616.64492940903,63953.03741168976,63083.05620574951]