trainLoss: [287262.5506221056,285451.0157174468,284370.0395119786,283552.0042973757,282732.12413847446,281392.1557892561,279317.7066192627,276687.1612958312,274061.16123861074,271631.7432934642,269383.97182023525,267319.45187455416,265304.3529586196,263423.6150621772,261458.1875858903,259408.30114769936,257201.99011915922,254737.1255799532,252246.4928509593,249619.5409898162]
testLoss: [88648.14337641001,85736.86559993029,83730.56034332514,82508.62576431036,82221.66845995188,82653.00048053265,83418.9908387065,84025.53011411428,84218.6987528801,84256.7815874815,83994.66348707676,83838.48642414808,83483.31100046635,83174.64263564348,82707.25802391768,81773.51922082901,80704.63773292303,79560.36123389006,78497.66695672274,76452.03160715103]