trainLoss: [208961.4685755372,159581.60252147913,156069.24462658167,155043.8688994348,154621.03487595916,154277.71528884768,153968.70221972466,153742.65893352032,153528.14512857795,153277.4797320366,153073.7837575972,152816.3984784782,152546.01216170192,152330.45034587383,152042.71431085467,151739.92377343774,151467.72805258632,151096.61254370213,150772.70521631837,150462.66248604655]
testLoss: [58172.333438396454,54487.88925695419,53128.11811828613,56244.217923641205,57705.919021606445,55311.58932733536,56707.479056835175,55034.18483257294,56337.25453329086,56529.41968154907,57773.55609226227,56821.806844711304,52164.38389968872,54549.48891592026,50972.67671871185,52689.54096031189,54988.56330490112,55292.75043010712,59097.707419872284,53596.55302619934]