trainLoss: [743.4282837369672,700.2309367447851,694.5616201353876,692.7280531793112,691.3675685808388,690.2889482901786,689.2928262222623,688.3303639151421,687.4206524642208,686.5787911725126,685.7665321185533,684.9872961237306,684.2079728027105,683.3996892047251,682.5251907594974,681.5620299516496,680.4671921292695,679.285857062491,678.0382909188207,676.7613885686814]
testLoss: [1584.9326998788558,915.3971990388656,905.7105221080409,881.5773396436342,843.5125557903186,852.5774439076969,860.2057477008508,868.366122037984,867.3376091797528,871.0575763260808,871.8545069156454,869.7026897367336,869.0523887775288,867.3583415380248,865.0782052756283,863.3611047425622,860.1275093991469,855.0581126695477,847.8957810624564,847.8862538838665]