trainLoss: [444329.72433429956,442016.4630436301,439089.80773305893,436152.96936678886,433512.62158060074,431038.63931286335,428587.96500611305,426161.72579574585,423669.7037818432,421092.6300240755,418492.166485548,415860.82657653093,413244.7364991307,410662.2071134448,408110.63336348534,405666.24730211496,403348.33172500134,401024.0358251333,398878.2557991743,396761.2985562086]
testLoss: [82332.5499985218,80665.20276355743,77426.49959230423,73699.83338284492,71880.10599660873,70759.00918769836,69782.33107233047,68348.58152890205,67273.86015033722,67677.91413497925,66311.39081120491,64800.74629795551,62950.79455888271,63258.35668492317,62202.20495045185,63289.40636789799,62151.19670403004,58696.85728371143,61398.85423266888,59078.27706301212]