trainLoss: [530632.5609744787,520790.4168639183]
testLoss: [82159.82793807983,78341.02905750275]