trainLoss: [352378.4108964801,294906.9557261467,289614.6994691789,284565.83187916875,280801.41377043724,276955.65339031816,273916.22316128016,270653.47026002407,267472.42218631506,265084.3495851159,263078.5212430656,260211.36167410016,258195.48572188616,256536.56378898025,254332.80024158955,252681.02029791474,250820.10287594795,245305.79282471538,236833.1167869866,235814.30468401313]
testLoss: [43912.439908504486,38859.8253480196,50444.141234993935,62156.448860645294,49585.16746854782,56138.29584801197,52155.17874646187,66050.01077246666,57923.24518537521,47417.51666879654,47290.00680851936,55922.371101140976,54645.178956627846,53167.07163798809,53031.30508172512,54128.60759687424,68556.25525832176,62642.860154271126,58707.41990196705,52134.984887719154]