trainLoss: [451719.46730327606,443989.9445269108,441029.7666654587,436719.1390571594,429469.2167109847,419466.2810688615,407088.84556150436,393909.92162269354,381728.5536351204,371744.11508232355,363542.8974869251,356869.9564884901,350735.0435769558,345119.2546392679,339872.7806736231,335424.94329845905,331874.8700854778,329102.68199682236,326758.65798032284,324914.15375104547]
testLoss: [71700.65552997589,80063.82771015167,81181.30524921417,76123.26400566101,70710.59093761444,66624.27443790436,65346.009105205536,66938.76869297028,63296.70097923279,64351.77126407623,62934.36437511444,63105.261640548706,66623.66661071777,67330.27899456024,65270.44161081314,67665.81332969666,63646.384967803955,65696.04204559326,67655.3898525238,69920.23024177551]