trainLoss: [441501.62265634537,439585.08675563335,437418.79048234224,434769.97820556164,431028.818195343,425842.85895085335,418694.3883481622,409919.4858993888,400225.2292484045,390501.1408292055,381427.5090253949,373327.1344822049,366119.2287132144,359688.5902133584,353927.0450305939,348764.7210224867,344047.98723578453,339782.408603549,335989.41793870926,332560.74100476503]
testLoss: [82386.9957575798,79882.32142972946,77129.62620639801,74418.27408146858,74960.85034894943,74440.25230264664,74357.7754073143,74755.038220644,75633.57741856575,75153.75937533379,73578.3130197525,73317.82494401932,72286.01928925514,71048.45590233803,69924.71940112114,68885.86010169983,68996.37160181999,69335.24248051643,67447.02607250214,66784.0600464344]