trainLoss: [228238.27874320745,194984.94008660316,191193.64156281948,188103.14060360193,185340.14254200459,182046.64107048512,179004.0067151785,176844.39938867092,174588.19888606668,172598.444891572,170798.70254981518,169163.4334512353,167655.6244442761,166374.25485113263,164828.67063322663,163618.65303564072,162351.71126621962,161398.34932142496,160607.16894203424,159486.42244637012]
testLoss: [45663.74579286575,46830.20078039169,46159.10164117813,46828.49124574661,35578.264424324036,44196.54030418396,47364.12072610855,50200.24840545654,37528.725989341736,43825.70859861374,54265.92648649216,58042.782474040985,55313.756361961365,56316.40921640396,49995.585258960724,50513.95042848587,46983.47143316269,50264.51547765732,57398.05558156967,48695.343314647675]