trainLoss: [488325.4926252961,474361.0516693592,458439.3968679309,448165.24834769964,443896.7877121568,442277.4076730609,441586.31121629477,441263.7977015376,441107.50605994463,441034.4051076174,441007.7444692254,440999.5627037883,440999.5803954601,441000.0774384141,440999.2908473015,440999.5506821275,441000.46082246304,441001.5568460226,440997.36731666327,441000.7196302414]
testLoss: [136744.84202194214,123655.42076015472,109394.84409046173,99642.06332969666,94226.39282512665,91058.07473087311,88947.26007175446,87474.7094039917,86340.37170600891,85546.09332466125,85083.54357910156,84852.76093292236,84770.00544166565,84670.95210933685,84674.45439624786,84681.00214576721,84701.74444675446,84658.50141716003,84592.03490447998,84649.70502853394]