trainLoss: [377881.6847333908,327997.4582878351]
testLoss: [74977.77338790894,69411.23764324188]