trainLoss: [270906.31258559227,249318.21327614784,244268.37688583136,240097.56852269173,236170.9212912917,232635.4671804905,229277.83673790097,225890.87931624055,222967.20997139812,220540.09833469987,218122.7660138309,215944.77903354168,213957.02250641584,212249.3603565395,210679.53221923113,209201.45100146532,207972.18076694012,206663.6178046167,205610.79934868217,204681.5062624812]
testLoss: [55950.69851255417,61146.302594184875,50095.67933511734,55155.89832735062,53065.59597682953,61123.089231967926,60506.388234615326,62165.860931396484,59251.478521347046,61650.85661935806,60718.339371204376,57252.56299972534,70210.0253829956,56806.79276847839,60498.63632154465,58610.27979660034,65473.96546077728,68162.71489620209,64146.144766807556,62001.36175584793]