trainLoss: [442208.22212839127,441703.6153637171,441695.3801128864,441692.9906793237,422201.64625281096,347855.24684530497,346392.908223331,345662.4324359298,345229.55007857084,345006.2314398289,344729.53667867184,344565.0742020607,344335.7938168049,344216.80418747663,344053.64791435003,343890.19409012794,343829.96516150236,343769.87966156006,343618.0310975313,343510.7325720787]
testLoss: [90460.05803775787,90453.75495815277,90449.84056854248,90448.48954486847,107148.21260070801,109622.33156681061,107765.35864925385,106117.55560779572,105475.79700660706,108118.79829406738,110143.24224090576,108802.8891658783,108147.06543922424,109064.91053295135,108206.4801645279,108490.12127494812,107891.10547065735,107111.7332201004,105026.34936618805,107280.25898647308]