trainLoss: [451.97090815576985,420.1752886495911,413.4461065287009,409.62913565666247,406.55649184145227,403.56083655391745,400.3064770782223,396.7069614361494,392.7519092585032,388.4271862802979]
testLoss: [528.9588357453603,495.1716158149201,504.12150426936705,520.2106127508505,517.7556744029009,503.0867115592714,503.94292945826294,516.1110903311434,583.955323679416,613.407998924252]