trainLoss: [463.5999307956127,398.6977578244067,396.8430783853231,395.74792525349864,394.9177108903989,394.22967796751993,393.59391212321276,393.0180609604381,392.46694967805945,391.926226371803]
testLoss: [487.3836800587459,456.5955996133211,513.0059908799768,485.9186354300638,462.4926704616528,478.4805921022817,487.1021688761204,487.46707073370305,487.6435820246775,483.48007770762666]