trainLoss: [458611.70960223675,454839.02237313986]
testLoss: [62833.28355360031,63071.49033975601]