trainLoss: [222.90405851021598,207.65333682856982,205.15529034288625,202.68304708320883,200.2136894018967,197.75014951911908,195.28410928611513,192.72604908098148,189.95798564466494,187.0678345931859,183.85051453988763,180.45030251035962,176.91815159332148,173.1643066958159,169.31032064217555,165.32183003172844,161.2106789207534,156.96113775617715,152.52144321859637,147.98253322979318]
testLoss: [197.12152587998773,200.33834070520302,200.62113373304152,200.93175524903327,206.3468681340365,211.48926192337706,218.0398153459903,225.39544049366233,233.76131380341715,240.6507602708856,246.81502808738,251.14077328160866,257.0526428394711,264.58485157219405,275.91095585184,286.35856657667256,287.72740149743777,300.22715993025867,310.8889780806512,320.7504458624063]