trainLoss: [380908.357175231,287680.7623690367,253293.41102296114,249465.20730787516,248139.6690340042,247502.79952645302,247137.23195260763,246835.0088160634,246517.0620073676,246270.44923186302,246091.56074863672,245922.6918824911,245799.86152011156,245677.18590897322,245565.26324605942,245470.42439353466,245381.44247055054,245278.2286043167,245198.76706296206,245125.6217907071]
testLoss: [60445.74309426546,26272.910822942853,22983.566457375884,21658.927377343178,21799.966126546264,21340.547405809164,20835.833764389157,21963.969618991017,22160.507954984903,21726.491202935576,21377.12455625832,21595.311498120427,21262.827794522047,21575.663361415267,20846.0466324538,22438.145650580525,21800.03966265917,21150.75540997088,22100.55990500748,21780.061912611127]