trainLoss: [288563.90751454234,219479.91824030876,216953.77246117592,221940.51835906506,215991.03143525124,215577.08338916302,211278.71862041205,210469.4214503169,212668.58073493838,209525.79064792395,211109.24621862173,209059.30729857087,209219.00124208257,208447.67962312698,212993.9858198166,211645.68353831768,208054.35475075245,213094.57141911983,208385.67824963853,207502.4380850047]
testLoss: [166878.90229415894,199775.6871395111,247344.72232055664,190258.36721420288,199648.43248176575,138516.27506446838,125834.3435716629,184097.78567886353,101883.03968524933,167379.27143478394,123356.45170211792,79170.49628067017,102380.4100265503,175990.4815826416,163156.94570350647,110297.32576465607,169175.7022781372,86357.8888015747,109574.47745418549,105920.10821533203]