trainLoss: [283881.58100014925,282670.57470208406,281829.52301996946,281238.0045295954,280815.8041062355,280514.2697802186,280295.5861363411,280139.66869592667,280028.38889300823,279956.04952424765,279910.46724301577,279889.9977172017,279882.64719349146,279878.58590114117,279877.5499434471,279878.45900183916,279878.2241396904,279877.4675550461,279879.85877013206,279877.7218606472]
testLoss: [77040.10902929306,74838.46664476395,73017.58105134964,71508.51155138016,70226.54408025742,69110.38729333878,68139.31965732574,67258.73144006729,66458.53600549698,65784.09459495544,65206.66066646576,64824.488976955414,64570.055141448975,64417.17477989197,64351.88628530502,64329.32190656662,64306.244998931885,64266.997631549835,64302.99428844452,64300.16278934479]