trainLoss: [291776.2863346338,288906.0721579194,286719.64129030704,285108.1164960265,283971.2515821457,283226.9080737829,282792.03839945793,282578.22589558363,282489.9247826338,282462.45347595215,282455.7037405968,282454.33811312914,282453.90621870756,282453.75051528215,282453.7604960799,282453.7712855339,282453.6643150449,282453.69126445055,282453.63787704706,282453.79269737005]
testLoss: [95686.13038700819,91312.97533965111,87393.36591088772,83922.12831938267,80860.21755957603,78268.45231330395,76217.01951813698,74736.48182982206,73756.16147190332,73259.19617533684,73046.93561679125,72918.88470679522,72854.05845582485,72813.7675703764,72820.79656946659,72817.84790122509,72875.43756473064,72776.36530846357,72767.63320422173,72806.22674554586]