trainLoss: [443981.25093603134,442515.66669505835]
testLoss: [94547.03535270691,92093.15400505066]