trainLoss: [509.1888831753999,392.5928312998339,385.26554611806836,379.4899990984146,376.596763408263,375.0279187603897,373.7276691167165,372.6736794102666,371.7920767009258,370.9918255893205]
testLoss: [331.87422401792423,399.7288392277684,388.52005903739627,404.44665222116345,421.49687441033643,427.36845009181445,434.49560759222413,437.6986928931841,441.39511651762825,448.70064239708455]