trainLoss: [284267.2495188713,282482.6864309311,282497.498113513,282497.28793275356,282496.37959969044,282478.47572267056,282480.6635966897,282470.704985857,282482.28583836555,282478.47653120756,282480.05168932676,282472.62344664335,282481.98409724236,282478.353309989,282472.6682571769,282480.9502212405,282464.7478992343,282493.47026991844,282473.34169477224,282475.9831022024]
testLoss: [73283.7337899208,72670.20813602209,72623.89150863886,72779.62884992361,73065.85116201639,72874.30197119713,73106.94545465708,72968.91072756052,72697.47506064177,72953.52913790941,73246.94970959425,72841.38586038351,72746.32518935204,73280.26461946964,73005.98144608736,73120.60173040628,72363.41775894165,73112.59172177315,73304.72891682386,72900.19128608704]