trainLoss: [282839.79234212637,243749.4716528654,238584.05732095242,234489.3853560388,231049.80863136053,227987.02491170168,225290.07892507315,222983.8243674934,221016.27743032575,219286.04454907775,217766.90733885765,216498.3871256411,215343.796857059,214345.66928377748,213517.7642751336,212752.02889186144,212130.97330015898,211592.78055414557,211144.46435311437,210731.38678205013]
testLoss: [70717.58926212788,65903.19490903616,62303.13153344393,60714.666688621044,58543.19329941273,55902.67949989438,55334.61376917362,55386.38595727086,53338.3270727098,53375.12547644973,50223.08258283138,48436.6454910934,45806.6160184741,48186.20670777559,45885.8904080987,47086.13280442357,45247.89636063576,43974.67426109314,45384.414881139994,44390.712217122316]