trainLoss: [468042.31894499063,463658.50721359253,461497.56717574596,460194.1400876045,458736.8724529147,455284.5895254612,448446.877132833,438916.8856166005,427730.71160912514,414140.9814593196,400210.4690037966,388655.3001931906,378727.596370399,370223.76693320274,362676.1864127517,355919.4302162528,349800.1073002219,344534.867364347,340030.4447001815,336368.74366378784]
testLoss: [78102.66829681396,74241.45367193222,71846.08872938156,70478.3127875328,69820.28022384644,69437.92176580429,69305.29888868332,68906.89901399612,67943.17358112335,67604.61805725098,66479.13830041885,66083.58184051514,65236.562927246094,64213.83672571182,63013.920307159424,63128.62207078934,61574.48946428299,61457.37502813339,61733.752611637115,61263.667622089386]