trainLoss: [564796.7218030095,558267.853724122,555346.6466328502,554458.5987967849,554323.0181257725,554313.2909237146,554313.2461938858,554313.208322525,554313.0877351761,554313.0604476333,554312.9136770368,554313.1968904138,554313.1207804084,554312.8141129017,554312.8980160952,554313.0503612757,554313.2060372233,554313.0137911439,554313.0963383317,554313.1229828]
testLoss: [76721.58366012573,71118.37039422989,67216.9657201767,65247.056480407715,64640.354800224304,64448.82887220383,64463.579676151276,64453.36232805252,64415.624296188354,64412.19519996643,64458.98413038254,64442.73115491867,64446.76483917236,64355.644955158234,64473.06667804718,64423.30190038681,64453.4919128418,64446.61184167862,64412.451219558716,64413.076187610626]