trainLoss: [303462.1516555548,220980.21746990085,214495.3602541089,212427.88883060217,211337.02395236492,210646.31967884302,210112.77840670943,209668.9238025844,209272.35059049726,208916.67652592063,208601.95079818368,208306.05772793293,208056.91302508116,207845.9811282754,207671.71210563183,207500.4521101117,207344.43738770485,207211.93305045366,207094.5889941752,206973.58609369397]
testLoss: [57588.77503871918,43525.493332892656,41260.14602050185,40244.3501560688,38636.85590982437,38933.48439961672,37709.59544715285,37912.23199054599,37145.177686452866,36614.12399742007,37589.89918088913,37039.9908657074,38255.864195495844,39849.662251234055,37830.01685911417,39622.84239131212,38085.48801454902,37932.94498464465,38321.4276586473,36949.30554461479]