trainLoss: [683.8212015043599,632.4792736760132,630.0631104618834,628.6845741614811,627.7614709691221,627.0637003155729,626.4968180943252,625.9947042008465,625.5459836037984,625.0327700170359,624.5442687918369,624.0677949350729,623.6115702967297,623.2328222258797,622.7721865753781,622.3180296449061,621.905142298169,621.6657268205531,621.1467901740158,620.4660123323737]
testLoss: [436.8208194523489,457.92685238997404,428.3852277326405,431.2591087303888,440.88510656110327,452.40730843973114,461.51572775888377,463.2286066810103,467.9493691306141,453.159936699288,452.2208548229104,454.2326037943419,453.4352948111587,451.32965389255406,454.58729458740333,445.36796163134557,468.623601217215,460.7926341350141,453.59056853435766,456.7037315936689]