trainLoss: [469113.4841771126,403518.69963669777]
testLoss: [30212.390765547752,32533.52559939027]