trainLoss: [52.532525840273884,46.55800864128387,45.964660612922366,45.618707105538185,45.34136898437977,45.119797209995696,44.89759084913928,44.672314244134355,44.39674920726155,44.07812851991278,43.671730402649814,43.165460060511606,42.51739675029444,41.728212839121355,40.75531514412385,39.568145357498736,38.289107052338565,36.81075133732998,35.36786053260326,33.819380974074306]
testLoss: [63.25191700607173,62.08888689329957,61.91063466462873,60.62255848646895,60.57732611742674,61.254949321667205,60.88947126928571,62.47704931976748,61.74599503585886,62.51086795346848,63.8384791978361,61.66029345703622,63.269572349462436,64.25917023797611,62.56008103483302,67.28506712280213,67.2881463407484,67.75664584349074,70.90969845134053,72.3336613651365]