trainLoss: [266951.08124166727,266951.08124166727]
testLoss: [91018.5428237915,91018.5428237915]