trainLoss: [310830.78527003527,310508.479788363,310508.79019856453,310507.5480090976,310506.87956631184,310506.3017641306,310505.87346607447,310506.0203858614,310505.83772057295,310505.67756432295,310505.67756432295,310505.67756432295,310505.67756432295,310505.67756432295,310505.67756432295,310505.67756432295,310505.67756432295,310505.67756432295,310505.67756432295,310505.67756432295]
testLoss: [90453.23898792267,90449.50745105743,90447.7756357193,90445.31206417084,90444.65929508209,90444.00555992126,90443.88323020935,90442.95384025574,90441.84436798096,90441.84436798096,90441.84436798096,90441.84436798096,90441.84436798096,90441.84436798096,90441.84436798096,90441.84436798096,90441.84436798096,90441.84436798096,90441.84436798096,90441.84436798096]