trainLoss: [409732.94458031654,377303.83972382545,366268.7131178379,357257.43205720186,349331.1513668895,342498.8402546048,336363.13716700673,331445.78239539266,327688.6403748691,324596.3530278504,322046.74619975686,320312.41067549586,318727.9220280349,317495.03812894225,316322.34206172824,315278.4862970114,314287.6874689758,313704.7044650912,313069.20088353753,312289.1791574955]
testLoss: [103757.62607169151,85344.17605757713,81000.12157034874,91139.60384750366,102672.45319199562,98311.3944785595,78871.30603027344,84489.12224769592,91115.03290748596,90830.9634437561,79741.6596019268,75669.64268827438,87003.00199484825,85743.52327370644,87905.38398003578,82698.96706843376,80560.07090306282,77476.71662139893,81599.72037553787,74126.51868009567]