trainLoss: [415.6557304260762,374.5604608998487,369.1709141455199,365.1161275264072,361.32205372970355,357.4833636668168,353.52520511632684,349.35425621071147,344.9255904763153,340.22392409934025]
testLoss: [660.360610339122,644.7007323129055,637.9243679615931,629.0750022897354,600.2249188621839,589.4915986278883,588.6187447511996,593.6773389199606,593.4505243736965,593.7648671972446]