trainLoss: [332299.1075001359,293299.5474627018,285343.2813708186,278475.34071296453,272419.10448113084,266939.40382418036,262452.47916567326,258515.00763761997,254605.97124803066,251676.50051879883,249123.6250527799,246548.18648773432,244407.554520607,242436.26456072927,240932.87144592404,239501.2834136188,238370.35485696793,237391.0500701368,236219.15544950962,235384.9259571731]
testLoss: [81373.5849647522,94507.84562587738,78224.26189136505,70736.51156330109,71143.32390499115,64055.78716945648,65564.70750045776,68336.19847488403,65622.82584762573,62020.61970329285,58864.23193502426,59270.48501443863,73277.01177120209,76720.26192569733,63923.87931871414,54828.63945388794,57737.73590326309,60170.93128538132,55385.54417133331,71711.28565216064]