trainLoss: [437716.4299185872,426072.80080372095]
testLoss: [89605.99237537384,85947.91607952118]