trainLoss: [894.4340617564886,835.5238397736473,824.7120231187359,815.9459517425196,808.9589802321606,803.4429943479628,800.011665431508,796.3989496871058,792.5829333446494,788.532308328872,784.016068580893,779.4294775068997,774.6537885275653,769.2452373808203,763.5604889132429,756.7337526672311,749.1323811540091,740.6736912936724,730.7723686864493,716.2698627137252]
testLoss: [834.5349661348395,828.6444289591526,822.3609795774468,833.5116066283289,850.1108341810768,816.3010054265478,805.4790145376777,815.3294150949916,811.4521629281545,778.6858017583766,758.8845113984341,750.1424130688382,807.5143553589105,838.449402682976,848.3104186892973,873.428421922231,818.259320016501,861.285519087361,940.0380502173873,971.35039147236]