trainLoss: [455.1137917637438,423.6477798955007,418.5182051969813,414.19453937631926,412.16395719508074,408.6244718697938,406.54038027764915,404.85504216246017,402.9603740325996,401.0664060298886,398.60204952943633,397.40479802767953,394.61107058513477,390.78361251880597,385.4444904939695,380.41844593541964,372.0098190438825,360.9690020280612,355.567000554831,340.150903977744]
testLoss: [468.3063077496547,385.1516401711632,408.88449184847815,486.0031288212421,461.2007531184776,442.1060109241336,493.16419118899927,454.14719931004095,456.72794040231145,453.9198487384647,442.93146423265046,445.1278136720844,436.06622927048625,431.07804998977514,417.0891367154963,431.771698847939,443.33796128385205,448.87236601885627,315.9993577564464,289.02239095977706]