trainLoss: [326226.0100604892,323264.48412162066,321216.1945820451,319877.37788653374,319088.62464106083,318692.71080082655,318535.82817697525,318488.7960059643,318478.12830632925,318476.4716092348,318476.37615936995,318476.4302856922,318476.4943060875,318476.46135389805,318476.56123942137,318476.6442075968,318476.26261484623,318476.40840393305,318476.39158689976,318476.37448239326]
testLoss: [57321.6642139554,60626.00195837021,63705.75562298298,66482.07062900066,68839.82131677866,70634.5360763669,71778.30693644285,72436.85513484478,72744.31619173288,72849.23015296459,72875.81373232603,72909.48214036226,72887.13733291626,72873.56904602051,72886.88854813576,72887.2116317153,72837.89292538166,72860.50232446194,72897.0208749175,72893.42538708448]