trainLoss: [255625.1299484372,170502.03673785925,164643.991538018,163003.26257660985,161885.79800978303,161245.4783207476,160825.88357496262,160511.51201859117,160242.85116374493,159981.43832820654,159802.49068668485,159474.5464989841,159176.29698956013,159068.94464460015,158835.01059490442,158584.7181417942,158396.7803324759,158205.4182768762,158010.70646688342,157825.05846467614]
testLoss: [50976.81175661087,58381.68585932255,61160.599856853485,60669.44715261459,62295.914606928825,59580.75447285175,60521.86447620392,59187.89565384388,61540.89138889313,61627.46143722534,65373.24256122112,63090.215614676476,63255.05962371826,59435.39631009102,62777.78205180168,62338.36952137947,60833.5655888319,60643.40227687359,59380.31599378586,62902.836349487305]