trainLoss: [275989.7776156068,238702.457310915,233518.77320349216,229696.42043024302,226490.43401169777,223736.38450966775,221284.44704979658,219018.40751874447,217042.58208301663,215250.60846474022,213629.75733026862,212171.06931847334,210972.51738332212,209731.6429052353,208676.54529435933,207743.79521131516,206953.94410210848,206241.83376472443,205609.59316305816,205063.9110377431]
testLoss: [58976.119045734406,57309.370656490326,55106.064823150635,55151.969913482666,60025.02096891403,60233.56911420822,60633.85289430618,57431.24221992493,56840.177693367004,58569.94820070267,61851.109763622284,53831.58444213867,60812.25824737549,61212.001200675964,65618.58878183365,60579.37591838837,61667.15727519989,64811.425401210785,65085.598208904266,60302.28441572189]