trainLoss: [552034.3083341122,545071.4448734522,541564.3444402218,538968.4794794321,537175.9999201298,536029.975811243,535380.9798762798,535076.4524844885,534964.2116332054,534933.1329684258,534928.5973428488,534927.9593838453,534927.9124931097,534928.0280278921,534927.9206982851,534927.81764853,534927.8214263916,534927.8622252941,534927.9549506903,534927.854118824]
testLoss: [108915.54711818695,104349.65839862823,100189.81330776215,96470.87809276581,93257.89231109619,90527.58465766907,88391.21300029755,86894.27973651886,85939.81020927429,85445.22877216339,85308.25566005707,85265.76582145691,85209.0571680069,85207.60738277435,85173.53391742706,85207.12671279907,85216.78971481323,85178.93814659119,85204.34177780151,85224.04794502258]