trainLoss: [405273.5612207055,361374.68684989214,346693.003562212,333650.215988636,321801.1319710314,310833.54898929596,300779.4637298882,291572.5654858649,283143.61702129245,275432.17299225926,268576.5254640281,262455.5062610507,256972.47036790848,252235.26223999262,248059.86949583888,244451.52913990617,241355.2726225257,238630.24507263303,236262.50232329965,234302.28063949943]
testLoss: [33823.91506719589,34952.98712062836,39628.15754652023,39402.92389345169,41601.300527095795,40992.85550546646,43297.80747652054,45477.57818651199,45983.645359516144,42060.75517654419,47129.573748111725,46985.50284099579,45703.46008968353,45743.82053518295,48905.49048471451,51272.86934137344,52655.589684963226,51856.38251829147,50760.49090671539,51992.70802927017]