trainLoss: [49.87519458384217,47.22888918252651,47.06697820044591,46.99007519125819,46.93788436377694,46.89610384849604,46.86085671066999,46.83028836644484,46.80388741250148,46.780481251841316,46.759647348117014,46.74001152078828,46.7213464893117,46.70425360847212,46.68808206054634,46.673189299982155,46.659722739708926,46.64611483704829,46.63362919592666,46.61970507303675]
testLoss: [54.60783610815432,55.46181453010731,52.60646067196457,51.24863120241347,51.02338504709711,50.73031053315249,50.819729251994026,50.86175149021852,51.03009753801534,51.19931503734976,51.474569453775985,51.541900002565946,51.544334348754504,51.51483150449262,51.49718241321902,51.5497184344884,52.45504088457643,52.38066598777945,52.78073908932272,52.708230614761014]