trainLoss: [474.18214094196725,434.7781790244658,429.32313049151406,425.3862797436335,422.4553742299411,419.5299230687271,416.3136521366653,414.3399289943525,413.30052564294135,412.55296874859476]
testLoss: [520.3273179822081,477.26453908245395,432.13507642778825,427.6159612057716,482.20822646298745,543.6875457031521,545.075886013001,575.5851141636766,517.9478882875029,568.1130663226909]