trainLoss: [280320.504090786,280320.504090786]
testLoss: [68754.65532302856,68754.65532302856]