trainLoss: [310831.4739341736,310674.747479856,310554.64422822,310431.54397654533,310265.98893499374,310111.44718176126,310040.91248863935,310019.9147260785,310014.63936018944,310014.7701867819,310013.28104424477,310011.79949599504,310013.17596536875,310012.181537807,310013.0188110471,310012.8997579813,310013.2968645692,310011.9672369957,310012.03050106764,310012.9816684127]
testLoss: [91761.72219753265,91057.8643321991,90388.15246677399,89463.0387582779,87929.027302742,86425.83479976654,85496.55773544312,84981.84595012665,84749.67734146118,84678.92932891846,84614.58399581909,84564.9881324768,84570.26810455322,84593.85112476349,84599.10930919647,84601.0933637619,84608.53636837006,84605.58008766174,84573.99265956879,84560.7952041626]