trainLoss: [462855.8177244067,398967.98660975695,390014.6487147808,382324.1448059678,375415.2573530376,369056.67786994576,363191.3756386936,357655.92602548003,352503.7268964946,347751.82571843266,343276.4367136359,339110.7966761887,335192.04348930717,331550.4721813202,328148.6821896732,324995.5268253088,322024.98668548465,319333.9197449386,316790.38291051984,314422.20510831475]
testLoss: [42923.089866518974,40573.17266893387,41395.74644482136,43895.42194366455,40735.56368339062,47566.16596901417,43108.72346448898,45886.08285856247,42840.59873962402,44348.90902924538,42875.830567359924,44343.346623420715,44828.5517526865,48953.36593794823,47785.19848692417,47711.55186903477,47977.37552464008,48367.36566281319,47960.06529939175,47330.05726027489]