trainLoss: [403394.8247201443,266436.35812455416,243879.72803741693,242943.02053660154,242277.80505153537,241967.22764500976,241469.33248642087,240998.73181667924,240800.25408399105,240404.25967627764,240091.50747796893,240671.4609245956,239683.6258829236,239258.94834715128,239552.28921714425,238889.99842643738,238885.85618633032,238529.1627188325,238138.48724088073,238119.54760614038]
testLoss: [78053.4763250351,55708.136415958405,57321.39811754227,56377.84490919113,40018.651000499725,42112.79381322861,43874.11277341843,65921.7168712616,45721.41281366348,39706.38989377022,43437.89843416214,44356.40601205826,38211.42792749405,48322.27642631531,50969.67244195938,44057.26407241821,43642.76520490646,42454.16827249527,54497.38665723801,43933.52378797531]