trainLoss: [263464.8769566119,211944.13400632143,209358.42443552613,208462.3053188622,207987.3187239468,207548.60266664624,207045.54005017877,206430.3232834339,205769.60927399993,205009.25434565544,204333.48166429996,203649.93606737256,203147.5749553442,202867.79458931088,202605.486351341,202296.9347729385,202182.7236404717,201934.10885065794,201741.53910529613,201581.4778164029]
testLoss: [45698.93916225433,46598.83148956299,46662.871572732925,49499.661157369614,44681.198570013046,48034.513610839844,48249.28458952904,46317.615874290466,48443.52356529236,49256.600160598755,49185.552245140076,48192.51290678978,45756.030938863754,49452.227861881256,49855.05497455597,50441.15045118332,49610.02351164818,48358.470605134964,46624.10460686684,48029.0926322937]