trainLoss: [252798.00583159924,228181.0790644884,220378.64386290312,214351.73044592142,209590.92179229856,205373.8385938108,201542.55243849754,198068.86527252197,194836.9440100193,191910.24647766352,189186.67844575644,186738.87431147695,184455.80056762695,182399.35246482491,180550.7599605918,178836.71364712715,177316.0929417014,175916.10218784213,174687.59935879707,173518.83720460534]
testLoss: [84579.27676707506,80828.42480427027,76744.9528490901,72724.62213027477,69860.3729531169,65667.4140996337,63599.16728967428,59649.09923559427,56760.96507501602,54139.64941367507,52142.47679042816,49530.30049932003,47729.137639552355,45769.78495681286,44120.51115259528,42596.039551228285,41519.02405941486,41616.145324885845,37943.63041892648,38724.305149555206]