trainLoss: [223.16648864230714,208.3837555679014,206.10884206631877,203.9133639422649,201.7446439535845,199.54316104929848,197.22172991483282,194.74238398279013,192.13565524725388,189.36979966059812,186.37831409327816,183.19559407990454,179.74516900380453,176.0815520494392,172.1789118590062,168.20865499239443,164.03567530638668,159.70189237996078,155.30156442396958,150.71765347341434]
testLoss: [155.9259003121826,163.63458057453758,150.39570690439385,143.33696380201587,137.58009566870848,135.07811579646025,135.79251017068563,137.072014843891,140.57230702266656,140.13615950527495,139.67292070848154,143.7994395040704,145.7539009716278,144.4190649625502,144.82768077745024,147.6421048587426,150.1955572041802,154.39213735996782,154.44095972790979,155.45428294772492]