trainLoss: [472916.2904637456,464637.6214591265,460743.3119202852,456894.7472808361,451539.45267510414,445947.1489082575,440462.76141893864,435159.25078713894,430005.588745594,425271.30607390404,420813.31149959564,416695.4285514951,412361.7210723758,407156.63096892834,400789.9330495,393017.15559226274,384986.7191182375,377391.7039948702,370278.3066676259,363488.0556112528]
testLoss: [82931.88466882706,77083.27034235,75388.04112243652,75806.05632400513,76042.15228462219,77407.53318977356,77922.65488862991,76336.74352264404,77879.62426567078,77081.8862748146,76011.4458618164,77453.87794113159,74627.20860815048,74642.60676527023,73302.2323269844,69809.48848724365,67930.48481416702,65712.1658782959,63324.59749650955,64438.33905363083]