trainLoss: [443048.7421397567,442780.7153720856,442582.92475658655,442370.49998790026,442159.9241489172,442040.2850744128,442001.26479667425,441991.70894259214,441989.94569015503,441989.5198355913,441988.91159558296,441989.9287839532,441989.64978194237,441989.46832847595,441989.82265239954,441990.1387511492,441989.46256542206,441989.81061834097,441989.35528087616,441990.6166884303]
testLoss: [91861.97749137878,90988.03339099884,90086.53634643555,88745.72691631317,87278.78348255157,86225.4832868576,85661.99247646332,85384.50360298157,85274.64185714722,85253.21711921692,85212.3388748169,85207.71624183655,85229.95603084564,85220.16363048553,85200.87837696075,85211.63723754883,85178.11844825745,85175.91538143158,85161.6375989914,85200.21342945099]