trainLoss: [223.1513861307599,208.44390394417266,206.16296757813683,203.9806129549231,201.94773502360312,199.8314066208843,197.60602884099148,195.34278123924756,192.922387373552,190.32360639488488,187.5642849791767,184.69902229025251,181.56676658392325,178.27364113071658,174.7868029284746,171.08549402501052,167.23254029284743,163.10239539637152,158.8052937453216,154.3547530118703]
testLoss: [165.34320654679428,183.73811240548437,171.2508492006497,166.01690978732975,162.67685299353167,168.79073505130683,178.18469846519557,191.42657228383152,207.17071229111065,218.8803893506527,232.19945796077903,243.75380484570155,254.10482161912051,262.50790536566217,269.5244440154596,278.6646568309177,284.3119649502364,289.1070360839367,297.40645479722457,300.07972594933074]