trainLoss: [319430.4850474,319294.04182189703,319194.0147085786,319117.6329180002,319057.0469136834,319006.09181910753,318959.1665841937,318907.74272191525,318829.61392503977,318701.0565328598,318575.58484095335,318510.00446259975,318486.2937068939,318478.73030108213,318476.23431396484,318477.2265352011,318476.53414165974,318478.9170098901,318475.901006639,318475.8115014434]
testLoss: [79565.75806576014,79091.9682301879,78716.57639026642,78405.95844751596,78142.83896750212,77899.88122391701,77651.71175342798,77323.39405441284,76684.29315137863,75580.31099587679,74478.43068170547,73696.38697981834,73255.71248620749,73034.90354382992,72907.09524166584,72879.99614590406,72835.18350875378,72811.0874851346,72816.60242283344,72807.32815057039]