trainLoss: [271152.2463083267,271152.2463083267,271152.2463083267,271152.2463083267,271152.2463083267,271152.2463083267,271152.2463083267,271152.2463083267,271152.2463083267,271152.2463083267,271152.2463083267,271152.2463083267,271152.2463083267,271152.2463083267,271152.2463083267,271152.2463083267,271152.2463083267,271152.2463083267,271152.2463083267,271152.2463083267]
testLoss: [90441.84436798096,90441.84436798096,90441.84436798096,90441.84436798096,90441.84436798096,90441.84436798096,90441.84436798096,90441.84436798096,90441.84436798096,90441.84436798096,90441.84436798096,90441.84436798096,90441.84436798096,90441.84436798096,90441.84436798096,90441.84436798096,90441.84436798096,90441.84436798096,90441.84436798096,90441.84436798096]