trainLoss: [254754.59742736816,208731.94938579202]
testLoss: [80018.91206264496,92774.18272972107]