trainLoss: [548766.6114325523,539980.8841929436]
testLoss: [61602.194173812866,60665.54700946808]