trainLoss: [286190.138594687,283312.3160543442,281706.8879891038,280801.5368618369,280320.7253078222,280060.3316372633,279938.5912435651,279896.84690761566,279887.097428143,279884.1769295931,279881.0485880971,279883.0503809452,279884.82953363657,279883.4434271455,279883.0679015517,279878.9739447236,279882.59058845043,279879.70494782925,279879.28981399536,279881.9725089669]
testLoss: [79297.89134693146,75082.7762002945,71966.51848554611,69597.3791050911,67813.57573413849,66421.58990192413,65418.92226266861,64857.46162176132,64556.846618652344,64433.87669086456,64409.01963996887,64317.87909078598,64376.409976005554,64355.02413415909,64390.08683824539,64380.0215754509,64391.82466840744,64432.560489177704,64402.0832362175,64351.95085191727]