trainLoss: [365481.7890198231,326022.99279147387]
testLoss: [42055.54814720154,44968.640624046326]