trainLoss: [273344.8008519411,273207.634319365,273208.4127060175,273207.6029166579,273207.46931540966,273207.41124373674,273207.24044942856,272237.3061556816,225911.10026800632,222525.15868282318,221665.38452482224,221460.77573126554,221200.7353180647,221104.7622358799,220818.91662693024,220733.73141509295,220741.2916983962,220569.2281499505,220483.41625261307,220414.01787048578]
testLoss: [90454.13520812988,90453.3501586914,90452.34688782692,90452.25501918793,90451.86939930916,90451.41094565392,90450.53538823128,94012.98579478264,99966.56503748894,107415.80737352371,105843.5426762104,102024.69043016434,109948.8628590107,107905.30602765083,106106.08453774452,105909.64841389656,106193.05909085274,103191.2711493969,106011.40139436722,107862.34169244766]