trainLoss: [47.77742279394129,46.527337657660695,45.79821875102431,45.03887857965711,44.13155644307248,42.965494659542436,41.48868461476378,39.65022825978683,37.561281776423435,35.36386425451692,33.1925828351113,31.280266162159933,30.050630907237615,29.06658513428313,27.793991328388614,26.617220695432614,25.57882427623962,24.52667995357632,23.67784342904644,22.40116577679121]
testLoss: [52.26562616223726,52.58165682599029,52.45875027362584,53.823253540825334,54.463862259987216,56.23564167118136,59.08657324274132,60.93083015804001,63.81138080737032,66.25107223747135,70.68644403273069,70.07517696415908,72.8679312220733,84.17094677918605,85.807580148438,67.81019879894895,77.30432434332072,91.93661450659972,90.77745954047269,78.04691477227883]