trainLoss: [443024.4553133249,442688.6871765852,442686.0906060338,442683.2011605501,442676.61786317825,387680.53908890486,347444.46949607134,346629.8112348318,346378.3910948038,346077.56652355194,345799.83447140455,345640.4571137428,345369.30393254757,345122.74842083454,344878.4684009552,344588.33233201504,344335.8391675949,344121.0453585386,343914.8145955801,343794.5682204962]
testLoss: [91028.27806091309,91024.40089416504,91022.93183326721,91020.46568107605,91019.26169586182,108154.66568374634,109425.46802902222,110300.83276939392,110564.9178276062,108639.40093708038,110713.04489707947,109128.5643529892,108635.82629108429,109228.0753364563,106624.69251155853,108019.1614818573,108241.45569610596,108167.28147315979,108692.09651184082,106063.5172920227]