trainLoss: [409644.4890217781,340345.9553389549]
testLoss: [37185.405348569155,37574.44700470567]