trainLoss: [528898.499442339,482106.96311479807,461296.4445361495,442952.30924773216,426410.3101274967,411147.69452416897,397011.0474845767,384023.9094038904,372794.3384885788,363382.9458594322,355551.34517523646,348858.5087097585,343301.53945952654,338612.46326851845,334688.74996587634,331479.49403193593,328729.6394957602,326485.64943256974,324579.5845682919,322916.57011157274]
testLoss: [31557.52080655098,34093.625029325485,36422.38103938103,36734.02076125145,40976.671018600464,41787.937705755234,41859.328438043594,45335.23579978943,48567.467076301575,51269.76693677902,52407.952550411224,46767.04892754555,47377.12168240547,54054.052872657776,53579.0830206871,53500.414286613464,54465.89725255966,56199.25889492035,52830.66299986839,60511.51455068588]