trainLoss: [352529.3668861687,252156.6246483624,246881.26753389835,246243.44734606147,245881.83017012477,245503.7921025157,245119.5295100808,244754.10791507363,244356.24218064547,243963.50873562694,243642.48318508267,243305.17085838318,242989.4493880868,242672.3328345418,242378.28672140837,242090.30406543612,241874.8179665804,241631.31490784883,241369.76769524813,241176.59940239787]
testLoss: [55385.4947309494,50777.49371933937,49929.40361785889,46126.45245528221,49834.51032137871,47417.248428821564,48794.99427509308,45944.796207904816,50202.138922929764,49626.33478355408,47929.91087722778,43500.51992583275,46320.407056093216,45797.82783746719,48659.48332095146,47217.94663262367,49593.66060304642,48903.35390377045,50473.05554008484,46848.00069093704]