trainLoss: [280927.4363408685,227442.59110593796,219914.62988120317,217315.31214123964,215065.62305098772,213109.38962483406,211329.06484153867,209720.9637772441,208230.6464060545,206893.1479166746,205544.865139544,204273.56210929155,203109.3059295118,201983.81339997053,200905.00602850318,199910.03465738893,198911.60542207956,197962.97450387478,197078.02658188343,196212.70015758276]
testLoss: [50236.92682904005,32358.686466425657,32820.434330910444,33477.72658932209,36481.44625842571,37863.308508872986,37716.14685308933,39819.74287810922,40631.237325280905,43299.30305480957,44042.158892929554,44174.56127205491,44501.56685140729,44979.17279982567,46687.13381305337,46422.44770243764,45500.78347927332,46830.33600461483,47691.35710147023,49036.47681853175]