trainLoss: [214918.49463874102,187356.66984558105,183015.09530562162,180014.69948238134,177233.2653800249,175001.4505597353,173491.00969713926,171632.5030388832,170164.72664296627,168763.4639262557,167834.4078657627,166498.86993545294,165567.1859599352,164739.5724248886,163854.7247223854,162941.42911350727,162158.98390227556,161884.77050501108,161057.5265878439,160474.89037132263]
testLoss: [72290.57961177826,69243.55436515808,58785.627019405365,71703.41792964935,67204.71715736389,65674.67860269547,67287.36502361298,63507.086203575134,59475.92084121704,56463.55926275253,51034.92027616501,53380.37622451782,50032.0358839035,49553.9328994751,46841.20041561127,51109.796466350555,57194.191142082214,56074.56212282181,48309.55815076828,49988.81227064133]