trainLoss: [455.61523695037624,424.65177404728666,417.9293238349781,413.8195758982069,410.5883917291453,407.478016931388,404.29796412006306,400.82489469522125,396.9840589641006,393.09301912336593]
testLoss: [492.4604794267089,489.4171926326546,488.9886252541179,498.1022245431305,511.4767220868988,514.971081766307,524.4326061771665,530.2696462601872,544.6634458261437,555.0591084183495]