trainLoss: [281949.1373695731,188363.47066137195,171371.7637605667,169210.0495904684,167849.92680421472,167158.30357289314,166699.69739335775,166382.54806807637,166041.22317275405,165665.63633421063,165218.40053886175,164956.4458977878,164676.93526104093,164377.16925796866,164249.34898212552,164103.6604178846,163934.81712320447,163794.02282842994,163708.45054200292,163589.89827752113]
testLoss: [76390.36822080612,38913.33824181557,40458.19637989998,39038.132155656815,41438.949077129364,37807.68882870674,41263.33479762077,42314.933518886566,40385.05620217323,40704.94183802605,39473.4530608654,39582.61530852318,39876.14582848549,42738.65135836601,37640.40118384361,39315.779062986374,41125.0772228241,39545.375609874725,41173.893067121506,40428.12547135353]