trainLoss: [537365.8481652141,537343.69639498,537343.638228476,537343.638228476,537343.638228476,537343.638228476,537343.638228476,537343.638228476,537343.638228476,537343.638228476,537343.638228476,537343.638228476,537343.638228476,537343.638228476,537343.638228476,537343.638228476,537343.638228476,537343.638228476,537343.638228476,537343.638228476]
testLoss: [90442.27832508087,90441.84436798096,90441.84436798096,90441.84436798096,90441.84436798096,90441.84436798096,90441.84436798096,90441.84436798096,90441.84436798096,90441.84436798096,90441.84436798096,90441.84436798096,90441.84436798096,90441.84436798096,90441.84436798096,90441.84436798096,90441.84436798096,90441.84436798096,90441.84436798096,90441.84436798096]