trainLoss: [294945.70916840434,240268.33612415195,238884.58707091212,237665.57828766108,236825.4428448379,236258.00284826756,235800.86489409208,235390.53526607156,235007.9460453093,234790.70212051272,234401.39164167643,234310.0164410472,233875.48562720418,233623.73758384585,233434.66999274492,233190.73979637027,233110.28273245692,232712.45763033628,232516.7981671989,232312.74005439878]
testLoss: [56991.37304973602,64115.3923869133,64129.48646783829,62520.131565093994,62386.244928359985,58046.9630856514,52922.662268161774,62496.2433180809,60080.851368904114,56881.03931236267,60367.49092531204,52359.32427787781,58969.0803899765,64298.22028160095,57571.38912773132,49577.32985019684,53043.57469367981,51758.96048641205,61200.01636314392,56519.13049840927]