trainLoss: [569941.8704135418,556651.8074272871]
testLoss: [53978.61156749725,61783.95293998718]