trainLoss: [429313.28887590766,376861.9760238528,367967.3891733587,360874.32654958963,355152.55505388975,350570.67925173044,346715.90226590633,343634.4352097213,341126.54573377967,339128.4121583104,337507.6138218045,336222.3485086858,335265.0663424134,334457.6644566953,333800.02149939537,333293.8598944545,332882.9694824219,332468.7015187144,332127.10179558396,331860.4727678895]
testLoss: [72993.65661907196,68937.0724644661,68429.04527425766,70032.22229242325,61637.61218595505,65183.658868312836,67862.37590551376,60138.23454904556,61775.6005525589,63066.10292673111,65058.63988018036,63988.7426905632,59313.53120756149,61012.2282705307,62484.406853199005,65357.02584314346,61925.65132141113,60170.50710725784,60868.25570392609,64193.738260269165]