trainLoss: [571495.1587997675,566385.9503933191,563126.7397928238,560888.9172506332,559460.4273883104,558651.5703896284,558274.229850173,558142.0778776407,558109.1588732004,558102.9846024513,558101.507448554,558101.5289593935,558101.5769091845,558101.5274059772,558101.4403755665,558101.625551939,558101.6542572975,558101.8268508911,558101.6240212917,558101.5036325455]
testLoss: [57386.830205857754,60380.12588125467,63205.36731112003,65800.01535338163,68109.04702466726,70006.87437868118,71398.39344882965,72217.35509997606,72571.71565419436,72751.00472813845,72889.48330718279,72838.83905780315,72888.01080310345,72835.12339955568,72804.08645927906,72871.26875889301,72838.93309295177,72882.81503140926,72854.6622633934,72884.514770329]