trainLoss: [310008.5291671157,308790.4104052186,308186.21524471045,307829.74128466845,307645.49831718206,307577.71988254786,307561.0004386306,307557.55186486244,307557.36805820465,307557.3801370263,306882.3461536765,305725.89069217443,304860.7102640271,303740.0207695961,302321.9501013756,300519.77906632423,298274.88567739725,295608.21854496,292607.3669449091,289535.0708398223]
testLoss: [74939.41545009613,77619.5490732193,79899.30784034729,81885.53030586243,83466.45707511902,84338.38791751862,84731.11945724487,84932.74567317963,85032.70831108093,85094.06790542603,80260.5549955368,81039.4041481018,81152.56795883179,81272.40732765198,81243.04161643982,81239.58457374573,81044.86908149719,81554.20559215546,80158.87621021271,79921.23541545868]