trainLoss: [286311.3264861107,234990.02038502693,216281.55439668894,212650.21583142877,211423.72921305895,210689.9683561027,210145.58911892772,209685.61637297273,209260.59439760447,208871.36428070068,208549.57323557138,208294.623945117,208084.2147630155,207912.93149977922,207781.18112921715,207659.8593825996,207559.0821890235,207439.4967111349,207344.00292000175,207233.4077630043]
testLoss: [68833.24031734467,55429.463354587555,50339.39208936691,49859.99397277832,49063.567986011505,48012.25400209427,47485.41061258316,47834.73666238785,48511.03057003021,46597.413809776306,47806.35082602501,47338.56329154968,45633.48299431801,47127.71491193771,46695.84231352806,46988.76611995697,46441.496789455414,46203.05451464653,47617.705481767654,46457.45557975769]