trainLoss: [748.0820765996867,700.2799265600815,697.6196989240052,696.0050621335711,694.8254102856351,693.7045072675812,692.5851819118417,691.4978917095897,690.4242865843356,689.3170422039123,688.2087200835961,687.1428744153465,686.0984053394951,685.0789281024419,684.0707889957741,683.052095540738,682.030706266308,680.9746403932173,679.8799704879158,678.8085450022849]
testLoss: [586.3313581915502,638.3290157786997,598.4833837983416,582.0516698259048,579.8594888529383,581.2601910474381,579.5995139136799,578.1080440986425,578.1156988075577,577.3932195642501,573.8441644611215,575.7974816213425,576.2584600358417,573.1588121541685,569.7872695388986,566.7119495590266,563.8779741690347,565.6697182420613,566.7038116009164,565.7451212373107]