trainLoss: [459038.98081564903,456993.60791504383,452493.95521497726,445645.55273091793,437065.5734924078,427412.1436679363,417372.8537392616,407069.1739550829,395771.06003010273,383793.6465610266,373163.3169642687,364299.0131598711,356955.85417473316,350992.0005942583,345998.905980587,341859.9483201504,338321.6737883091,335190.98701131344,332446.4187698364,329993.2547336817]
testLoss: [74649.25764298439,74843.81405073404,73644.4871429205,71810.37064999342,69456.78160691261,66966.9929317236,64077.75358372927,59935.78184813261,54937.62107267976,51422.96441107988,49266.31565222144,48524.43207961321,47634.465786755085,46822.08531486988,46012.57014352083,45582.877485215664,44459.587664783,43995.985181093216,43439.18090930581,43684.336482942104]