trainLoss: [263171.7709673643,253469.338917315,246431.34834438562,240288.43362611532,234496.11253392696,228902.54396420717,223191.2694621086,217398.72115248442,211640.04543673992,206063.85137861967,200673.08651214838,195535.12997347116,190842.404822886,186592.79687532783,182764.60118210316,179269.5688291192,176152.2067822516,173351.99264228344,170916.6115167141,168868.45379799604]
testLoss: [100190.87006759644,92750.8559923172,85183.42569541931,78578.23979091644,75897.58588981628,74733.39493560791,66301.2066860199,67552.14564609528,63607.858379364014,64907.22494506836,59901.49899673462,54534.99173736572,55386.30740737915,53097.79074764252,51442.39342832565,53768.15095901489,49671.07632684708,51820.26590681076,47984.54723882675,47925.69077014923]