trainLoss: [322614.30474841595,320653.0525960922]
testLoss: [61684.56955623627,64864.2500461936]