trainLoss: [568839.9059544802,563445.0221705437,559994.7726270556,557731.3115460277,556205.0061793923,554939.4718178511,553386.3412740827,550735.656309545,546097.4180859327,539575.6133400798,532022.1486271024,523914.3119904995,515335.0339230895,506364.89973187447,497146.37495446205,488055.96833610535,479349.5119268298,471122.83680802584,463411.1307775378,456238.79972070456]
testLoss: [81693.1116976738,78399.69426822662,75873.28073644638,73952.8007183075,72542.5736861229,71757.42771339417,71634.69936943054,72211.35509204865,73029.99228429794,73456.29973602295,73412.11356258392,72601.3905210495,72017.16429948807,70452.85138940811,68804.7149105072,68545.2774348259,66747.66971254349,65748.29150152206,64910.70610332489,64670.220150470734]