trainLoss: [272019.0681115389,269906.5699720979,268294.11612182856,267126.91870212555,266416.3471403718,266006.9193240404,265703.41759991646,265401.3524865508,265027.1536690593,264625.67180103064,264048.95065385103,263291.94229251146,262334.6753844619,261096.30526840687,259465.68819016218,257498.0970492959,255143.68356734514,252518.40017914772,249598.38711953163,246631.46602648497]
testLoss: [105705.63379478455,101091.1618013382,96841.13847255707,94700.45325374603,93374.97905349731,92564.5954284668,91869.91321372986,91201.9155883789,90724.33740997314,90260.7219991684,89683.54297065735,88724.398812294,88196.7743358612,87076.98007678986,86736.5614118576,86078.00916004181,85621.09886455536,85303.7676897049,85352.52601242065,85306.00396728516]