trainLoss: [442881.103546083,442163.94875377417,442011.90514642,441991.61260557175,441989.99875563383,441990.16192901134,441990.0142812729,441989.87532299757,441989.7544667125,441989.89561748505,441990.0472713709,441989.9268106222,441989.8534182906,441989.26569348574,441990.0460422039,441990.2966925502,441989.822253108,441990.2639911771,441989.69189184904,441990.20873498917]
testLoss: [81048.94925403595,83590.77829265594,84693.99643802643,85092.97594833374,85186.57395648956,85206.4122800827,85176.95878314972,85146.00019550323,85240.26651382446,85215.95263004303,85163.36573123932,85179.78567790985,85189.22481822968,85019.17209720612,85247.32335186005,85148.49457263947,85226.55423927307,85188.65061950684,85279.69526100159,85268.46924877167]