trainLoss: [284204.5760501027,283615.14590346813,283192.16773205996,282898.64149564505,282705.15208792686,282585.45951378345,282516.853790164,282481.6912458539,282465.0782902241,282457.85308271646,282455.1338278651,282454.16000783443,282453.7207660675,282453.571464777,282453.5878279805,282453.72303783894,282453.5690140128,282453.65488648415,282453.704708755,282453.6143513322]
testLoss: [82065.91634488106,80219.5031940341,78591.63076043129,77200.69531953335,76026.75220519304,75070.2535585165,74333.5714533925,73794.50029551983,73422.63534218073,73175.36298877001,73029.90936982632,72940.06992590427,72858.72316843271,72795.9179097414,72812.30809277296,72811.5099722147,72808.60034942627,72808.37398207188,72797.51125526428,72785.57800412178]