trainLoss: [440511.3001650572,437539.1330743432,434695.10065829754,430846.5127455592,425728.71211206913,419534.2716625333,412438.76357889175,404649.6227027774,397052.6910170913,389419.59920841455,382341.81835514307,375577.640732944,369462.8717908263,363717.87105607986,358510.6729375124,353772.7661833763,349472.81678527594,345595.6995741129,342103.79656493664,339005.90254944563]
testLoss: [80880.37173652649,77439.26118183136,75128.46582984924,72616.32001113892,70298.66523456573,68175.60603046417,67808.47582244873,66630.21472120285,65931.34352207184,66072.84982681274,66154.85554885864,65485.91461658478,66117.83056259155,66782.94839859009,66133.65028858185,66021.74274730682,65634.75896406174,66140.01182937622,65745.53542375565,65506.635961055756]