trainLoss: [438377.6534719467,341442.94933849573,338411.75725480914,336938.6922118664,335449.717330426,333917.4347218871,332341.6749832332,330877.45803517103,329497.18659824133,328559.7722440064,327508.13570970297,326762.2419309914,325948.1764290035,325124.21728792787,324348.8592250049,323529.26566678286,323063.8160817325,322423.6549371779,321770.26851314306,321304.35109749436]
testLoss: [63974.20515155792,59762.58125638962,57439.950095653534,57169.118470191956,68261.82366085052,74922.92126226425,67601.85089206696,64108.04155778885,64808.46899652481,66783.26893901825,70144.6127820015,61831.439256191254,60665.842059612274,54008.83494949341,60719.39756631851,58801.471709251404,59016.512635707855,55889.72679519653,56796.77210855484,63717.07888221741]