trainLoss: [222.99137901758093,207.8075282211545,205.17516369397129,202.8681087859069,200.66884086822407,198.54811568803424,196.21703485872928,193.79602874936182,191.3313012558071,188.65597248209428,185.85931048099,182.7159872121826,179.48016603045826,175.93393347169024,172.23802858047847,168.3245496439783,164.3371819818699,160.1493262234368,155.7782061590424,151.32877817870695]
testLoss: [300.7728776439678,311.96931313220847,317.6608871367089,315.7468821593495,315.59969740759493,312.4642485688592,325.5768726377986,339.46225427957467,360.40429033165753,370.2826732203018,388.1225424062374,398.72446815357654,406.17179307064345,417.3921701991281,431.3862838724325,440.0668550785198,459.06185774470487,474.91563623103985,486.3695238010828,500.725192955067]