trainLoss: [569880.6169803143,565491.5277118683,562461.2895680666,560429.4047842026,559178.182317853,558508.0574125051,558218.9543675184,558127.098407507,558105.4297690392,558102.040912509,558101.6829770803,558101.5286617279,558101.5723623037,558101.4125255346,558101.5714132786,558101.6956313848,558101.6652288437,558101.5061336756,558101.3929531574,558101.6046237946]
testLoss: [58096.480639755726,61112.07729977369,63915.26227492094,66473.7660574317,68699.47865825891,70464.26118147373,71693.75864428282,72345.78822875023,72708.53155118227,72838.73212885857,72883.21653217077,72888.65279608965,72852.04062855244,72796.32898426056,72874.04664242268,72872.87511736155,72857.17860460281,72892.05048400164,72838.18417304754,72803.3237452507]