trainLoss: [243113.61224544048,205179.9732530415,196749.68002605438,190349.50296092033,184655.31078508496,179649.93362784386,175262.00423184037,171542.60742542148,168348.41591447592,165726.65549358726,163466.00766530633,161495.20310732722,159836.06750661135,158460.6245805323,157335.00643482804,156478.70714592934,155767.69468066096,155179.9046563506,154716.1969693303,154290.09781247377]
testLoss: [45784.65707612038,49850.505095124245,49310.41488015652,51641.403346419334,58887.61275422573,56736.064994215965,61068.36758458614,58572.48577797413,60538.585092544556,57710.57634103298,57338.96948206425,59404.515204787254,57774.75110530853,57992.24212145805,53926.322417378426,56051.810490489006,58597.66914474964,56691.55380964279,56897.34985566139,54186.01897275448]