trainLoss: [432643.72888833284,330252.2866178453,325492.3506412804,323067.96006658673,322203.53619998693,320160.54988479614,318916.3675605655,317847.32537809014,317148.42507120967,316633.4184488058,315972.38743814826,315973.32777905464,314913.9831237793,314289.08793506026,313918.08806174994,313119.3206695318,312631.4708272815,311830.3126389384,311290.8308944702,310731.74484986067]
testLoss: [85610.9166355133,85336.74300289154,101754.448802948,67618.74558115005,99436.54480457306,82643.18427944183,89905.71558570862,85644.05487346649,97299.51604366302,97104.65206813812,72771.13049221039,83832.66526508331,72164.1080236435,77441.84712696075,86830.66637134552,86742.11894702911,83593.70863819122,87850.18273067474,77093.13343429565,83121.8577671051]