trainLoss: [309139.1609812379,308678.69654232264,308415.07161539793,308244.192427516,308123.7606640458,308029.0455696583,307940.7293589711,307842.972514987,307726.80536311865,307634.61216533184,307582.6336157322,307563.44932615757,307557.861101985,307558.07009500265,307557.08602559566,307557.62094157934,307556.4206700325,307557.6283327341,307557.306117177,307558.285561502]
testLoss: [94910.52304553986,93496.42169857025,92511.23788642883,91777.57634449005,91176.00086402893,90617.05790519714,89974.598944664,89121.48427677155,87955.54595565796,86842.27910709381,86014.08060359955,85486.49221611023,85251.77771949768,85225.46545600891,85168.3510313034,85124.97341918945,85125.77210044861,85113.20272254944,85069.68308925629,85097.95652294159]