trainLoss: [351446.85686045885,309551.01709002256]
testLoss: [59263.287755191326,55274.0615581274]