trainLoss: [310879.2567985654,310651.87387752533]
testLoss: [91956.07010746002,91198.67759037018]