trainLoss: [240207.14127385616,163828.20670169592,160951.55890917778,160061.88531768322,159678.80375742912,159424.94790506363,159300.97151899338,159102.83962643147,158975.1324045658,158800.31169438362,158655.73639452457,158483.21920245886,158334.22876489162,158191.1406097412,158061.14569100738,157919.62350577116,157762.25194752216,157636.08408915997,157514.40479314327,157398.25419604778]
testLoss: [48985.0177025795,49183.26880264282,50959.15666151047,49846.224629879,51749.23162031174,53004.326972961426,54709.17719125748,50867.68609762192,49962.21316766739,56539.882004737854,53296.85853910446,48629.63463020325,53132.19146871567,48900.70878505707,50903.57938051224,51438.50628232956,54246.26809358597,53474.264036655426,51776.97575235367,51356.99246931076]