trainLoss: [282940.36151331663,282900.1825053692,282900.66875845194,282900.42474883795,282900.6005293131,282900.4911854267,282900.4292577505,282900.4403781891,282900.2838102579,282900.60490715504,282900.4118475318,282900.3877623677,282900.3835256696,282900.3765093088,282900.24960792065,282900.2972818613,282900.221675992,282900.21250903606,282899.9483450055,282900.0767213702]
testLoss: [77904.57343220711,77904.68545657396,77904.284745574,77904.29727095366,77904.00598782301,77903.88807272911,77903.82804048061,77903.71998339891,77904.45661574602,77903.74014151096,77903.54842990637,77903.50667852163,77903.50509160757,77903.88453269005,77903.55362123251,77904.76009440422,77903.51082891226,77903.53640598059,77903.53145879507,77903.57510226965]