trainLoss: [491352.27196896076,360930.7202516794]
testLoss: [110104.80026817322,54988.04810190201]