trainLoss: [460095.5190472603,459884.27625483274,459882.15024137497,459881.66800260544,459881.66800260544,459881.68011808395,459881.66800260544,459881.66800260544,459881.66800260544,459881.66800260544,459881.66800260544,459881.66800260544,459881.66800260544,459881.66800260544,459881.66800260544,459881.66800260544,459881.66800260544,459881.66800260544,459881.66800260544,459881.66800260544]
testLoss: [68764.85136795044,68758.76845932007,68754.65532302856,68754.65532302856,68754.65532302856,68754.65532302856,68754.65532302856,68754.65532302856,68754.65532302856,68754.65532302856,68754.65532302856,68754.65532302856,68754.65532302856,68754.65532302856,68754.65532302856,68754.65532302856,68754.65532302856,68754.65532302856,68754.65532302856,68754.65532302856]