trainLoss: [432002.2825486064,419697.77382940054]
testLoss: [81405.5829000473,78385.77197265625]