trainLoss: [427806.83894109726,369144.3077762127,360668.86990350485,353850.1483514309,348183.22239661217,343356.5189421177,339332.2463517189,335940.90427941084,333033.8970544338,330555.183973372,328535.0625272989,326828.4322257638,325469.4379336834,324363.0062535405,323440.55548626184,322777.93713235855,322194.6526682973,321739.0671442747,321346.79358404875,321037.7489144206]
testLoss: [42900.87653064728,44018.62422657013,44302.843618392944,47541.47245883942,46576.90139913559,47264.83919906616,48283.899849414825,47112.99860334396,46223.008872509,46624.899859428406,50059.943301677704,45225.80828809738,49480.877633571625,49713.78346681595,48162.10417222977,48246.910865306854,50541.25114488602,47503.576832294464,48014.283511161804,49499.09009408951]