trainLoss: [323812.95113158226,321494.2598288655,320004.8081740141,319141.2489191294,318713.2840284109,318542.36688661575,318491.04941672087,318478.9525594115,318476.7339001894,318476.4667868614,318476.5577698946,318476.36152237654,318476.36125427485,318476.47418773174,318476.3609750867,318476.46376115084,318476.4697343707,318476.44988912344,318476.4511268735,318476.460054338]
testLoss: [60021.40060335398,63299.01519703865,66213.00352185965,68672.9718670249,70510.37925904989,71714.86551821232,72374.84014970064,72690.70327675343,72829.44931054115,72880.778693676,72893.53280544281,72859.75602531433,72897.1962390542,72899.90539354086,72875.9554041028,72859.35115474463,72932.79983514547,72910.20230156183,72839.29980099201,72874.98291438818]