trainLoss: [374296.6704970598,308469.2823666036,297816.17404949665,289204.32090860605,281784.0463218391,275302.17422258854,269600.22914403677,264565.8542818725,252107.05694925785,235890.45087006688,234497.04030156136,233913.819332242,233661.24676844478,233482.90922030807,233353.05273404717,233255.56113019586,233162.88034281135,233080.24572390318,233003.9910711944,232941.80025064945]
testLoss: [92993.95749950409,86638.68768787384,84418.9120016098,79977.04480457306,76882.47239208221,74745.94763660431,71057.63636493683,69797.58081531525,58544.388171195984,55679.05582332611,56665.78335857391,56025.17671585083,58130.62837266922,58437.33704280853,55108.65422916412,55732.5703663826,57024.741913318634,56908.83875751495,55004.71679496765,56720.38518333435]