trainLoss: [372334.98922401667,313001.73347634077,302234.40360710025,293052.9843094945,284940.23043617606,277713.64707520604,271280.6152730882,265447.88021454215,260322.98660975695,255778.4916230142,251684.78143319488,248137.98078474402,245009.61632552743,242340.35316941142,240010.91155323386,238154.5503089428,236526.87191212177,235148.66131398082,234095.39599850774,233136.72537764907]
testLoss: [42752.497420191765,44725.56322526932,46477.140617370605,47097.69757783413,45712.01077282429,50172.803102612495,47628.09441447258,52330.14600419998,52074.59900867939,51775.254603624344,54528.10334932804,50954.26756441593,50839.01725816727,55119.73876810074,52067.59467315674,54834.40952575207,56010.33111989498,52738.43420255184,58318.80968439579,56680.56530380249]