trainLoss: [309881.5675550699,309776.2073158026,309777.0642223954,309776.7003853917,309776.6870858669,309776.7070775032,309776.56583988667,309776.60231655836,309776.0140541196,309775.5271654129,309775.1255778074,309774.3451552391,309772.96211373806,309770.83079379797,269853.28682368994,260585.84504437447,259966.4231454134,259098.7453275919,257797.98515093327,257271.48438566923]
testLoss: [90453.96906352043,90453.5378844738,90452.67133426666,90452.16685199738,90451.68817901611,90451.09070301056,90451.22922301292,90450.24760007858,90450.5067152977,90451.10880088806,90450.2375023365,90450.4033677578,90451.2246978283,90454.22454285622,112332.39637875557,121323.15058875084,109786.60084795952,127959.83160281181,127989.73164963722,136872.6265516281]