trainLoss: [379798.8022286594,238296.82332131267,235968.08412274718,234997.97967609763,234522.58828520775,234189.29996457696,233874.8941514492,233666.2599941492,233389.5490987897,233302.83606773615,233179.07720962167,233119.50664389133,233039.2521006763,232965.77062514424,232954.59859281778,232858.62821689248,232829.62493667006,232785.50646796823,232720.76395332813,232671.25048157573]
testLoss: [71670.18848323822,72377.92565631866,65741.04408931732,67957.6862487793,66901.58921527863,64475.19034528732,64900.6482963562,67356.13602161407,66630.43408584595,69017.43180179596,65636.39485740662,67297.45614910126,67022.16632318497,63552.025454998016,66563.60378742218,64486.20257997513,59859.46314716339,62471.930958747864,65033.09328126907,64433.901494026184]