trainLoss: [309291.37614905834,307288.17017400265,303915.32151579857,299851.6782490015,295476.10900580883,290938.6455450058,286410.76850140095,282015.2965565324,277542.01661622524,273311.24236130714,269515.70625686646,265833.6292824745,262603.4839324951,259672.76843243837,257064.8784469962,254595.79141926765,252491.98065334558,250643.69139105082,248752.86668258905,247266.93745940924]
testLoss: [82502.44922447205,85408.60943865776,84718.57880449295,85623.82724905014,80877.05051279068,84513.52326965332,84970.24606227875,80616.66204810143,80281.25058221817,80095.43682336807,75155.24350619316,74741.2522149086,75808.76414513588,78166.57371211052,79019.69093346596,77767.45185160637,82630.10346317291,77930.08299303055,80878.05481314659,81033.6109278202]