trainLoss: [312986.03359413147,311363.20973300934,310737.4140738249,310469.21314167976,310287.5358453989,310135.4841234684,310050.68476319313,310021.5768992901,310015.21288472414,310012.5385643244,310016.2218442559,310009.9692681432,310015.6538333893,310014.68875080347,310010.5352343321,310016.73220944405,310013.36035114527,310014.9166954756,310017.52868032455,310013.9054437876]
testLoss: [96522.0692281723,92723.24972629547,90861.76183891296,89570.9912405014,88217.67451000214,86659.16423797607,85478.17813968658,84898.96887779236,84594.67974853516,84576.74758911133,84622.21732902527,84657.91166496277,84606.60230827332,84606.35074234009,84554.61929988861,84522.72357082367,84561.36025810242,84548.70039176941,84528.24555397034,84616.10550022125]