trainLoss: [284502.5007802844,252936.52113610506,250851.51852440834,249804.10334813595,248372.9225603342,247027.6450071931,245789.2752944827,245156.0801793933,244535.7424339056,244188.32269018888,243800.99085861444,243375.60989290476,243183.71858006716,242668.71391290426,242495.9658830166,242113.68952852488,241948.58555912971,241603.1629689932,241201.2194158435,240921.68933308125]
testLoss: [21845.283889457583,32922.505392462015,27334.243560388684,23406.39534597099,31711.169078320265,26900.905669376254,22828.67549277842,23359.45572733879,32395.00328579545,27343.327358216047,24554.716240733862,19430.784546673298,21443.857362434268,26296.79191303253,30354.093997329473,28167.854958310723,19211.97487910092,24838.724503189325,27202.352015674114,22755.81023234129]