trainLoss: [445225.1554258466,440667.50046020746]
testLoss: [78403.31786060333,78934.11154270172]