trainLoss: [273080.59650313854,241623.59164899588,236514.61588726193,233851.5710082054,231821.2960332632,229647.5581074655,227744.22640156746,226226.41258978844,224400.90592709184,222791.6825620532,221384.33010578156,220003.01351225376,218440.88124385144,217057.8718688786,215708.3565173149,214753.9304445386,213381.64196273685,211980.80231839418,210801.10913977027,209694.84868603945]
testLoss: [99144.20512008667,99594.84573841095,96264.06424617767,91021.18433761597,94131.24815273285,91538.68745994568,89397.88352012634,90914.0617275238,89826.35546016693,85710.46754074097,84608.97357368469,87966.57237148285,85994.01425647736,83762.33181858063,79008.94651031494,87169.35009098053,81183.17517280579,83185.11728286743,78745.62894916534,80996.90055084229]