trainLoss: [311662.1377980113,311275.6084497571,310947.5535957813,310726.8237259984,310593.9199694395,310505.69979053736,310437.018807292,310371.56861025095,310301.41599076986,310222.28118121624,310145.1638611555,310081.83530831337,310046.93636631966,310027.4856412411,310020.0570425987,310014.48204278946,310013.6465026736,310014.90386366844,310011.0368613601,310014.75431096554]
testLoss: [94823.74590682983,93370.11127471924,92131.41283607483,91263.62485980988,90671.75049972534,90212.50545310974,89787.54251670837,89311.13727474213,88717.94257640839,87977.78314208984,87135.0507144928,86346.02691555023,85722.79511547089,85290.49911403656,84983.2914686203,84826.95624256134,84696.62295341492,84651.14719104767,84644.2833814621,84614.65135765076]