trainLoss: [301905.1183806658,230597.2676254809,215960.36027052999,213806.30738589168,213023.72049975395,211943.88692629337,211158.71215963364,211007.78475046158,210466.83283516765,209740.17047730088,209227.7127031386,209061.22075858712,208467.71623057127,208153.13316974044,207756.70118010044,207173.23144224286,207421.11542862654,207269.43703493476,206336.12891054153,206361.605722785]
testLoss: [73135.2724635601,42058.10807979107,52412.56934902072,54432.989274829626,50184.98930191994,49486.55035942793,41835.04106554389,43302.018504053354,43303.892087966204,41567.7598811388,51814.359400600195,39818.74597454071,46330.36115247011,44613.55407693982,50845.71637097001,58445.59848809242,62921.41024053097,49645.668031185865,44755.079567581415,42402.287842184305]