trainLoss: [409877.4337720871,314462.03715369105,308138.8561528027,301002.55850631,296406.9761607349,294870.412558645,293888.63856345415,293159.1546949744,292458.57535654306,291843.8143005967,291372.6208653152,290816.8839944601,290295.0708874762,289862.6585839689,289490.7991450429,289117.4835945368,288686.81066402793,288394.1504342258,288013.35594543815,287712.82928338647]
testLoss: [40759.820677280426,41036.97727584839,39525.03122973442,40836.36235189438,42374.40721130371,41355.781138420105,37900.61939692497,37239.31009101868,40482.90079832077,42804.322984457016,39501.509439468384,39005.45771598816,37569.455532073975,38519.262914180756,38306.76572108269,36332.55249500275,39516.084948539734,38394.04588198662,38455.88078761101,38804.51215553284]