trainLoss: [207083.6157282591,165701.50955754519,164691.04967543483,163707.87136560678,162826.84594073892,161932.8684039116,161899.1465473473,161117.7209647596,160535.07644289732,160112.48409801722,159812.07411915064,159560.14448705316,159332.16086399555,159244.07879185677,158702.69650939107,158318.24636530876,157867.5758460462,157641.18733647466,157187.06872436404,157097.40011894703]
testLoss: [62765.67847251892,58896.939856529236,57521.82747936249,57390.02163076401,57248.594312906265,51697.06520855427,55256.92925071716,52933.0263171196,63465.697494506836,48815.74143183231,58033.935906887054,65839.82521367073,63836.598794698715,58547.202536940575,56823.88038802147,57228.35958147049,65023.08927798271,67699.5582523346,65180.75352525711,59491.583300590515]