trainLoss: [319186.11633604765,319179.7789468169,319178.4288723469,319178.0830785036,319177.8928423524,319177.71345597506,319177.7195033431,319177.67957264185,319177.7334147692,319177.74208015203,319177.7462337017,319177.8888594508,319177.7871571779,319177.7183740735,319177.71571570635,319177.74683618546,319177.70294463634,319177.7510408163,319177.629219532,319177.6843351126]
testLoss: [63891.86896467209,64067.92200565338,64171.57837867737,64201.716485500336,64242.836116313934,64261.2579126358,64246.774560928345,64259.079731464386,64265.154925346375,64251.6069316864,64253.73857975006,64282.13355875015,64298.15317106247,64288.56686306,64287.085681438446,64269.91511678696,64283.08326816559,64290.30864953995,64270.96057128906,64271.71517467499]