trainLoss: [516708.04750818014,477740.3949841261,454818.83684027195,434504.07605212927,416833.21902292967,401423.3003923297,388409.24843889475,377149.873054415,367787.36756154895,359979.3586567044,353138.41450315714,347895.5048672855,343114.7378345132,339478.8611496687,336072.18602341413,333396.45485410094,331259.7609741986,329561.79922544956,328362.795745641,326791.0887758434]
testLoss: [104093.86685848236,96332.62557601929,97953.73822927475,87570.58419132233,87601.20244503021,78519.44621133804,84737.23147344589,76325.1268029213,81928.08848571777,78803.01760816574,78555.77730512619,69138.96514415741,64282.8750128746,69412.09447193146,67898.69298934937,68144.38133716583,71095.33698987961,62489.90306663513,64086.79354381561,69707.97884607315]