trainLoss: [468508.2038792372,463592.5595368147,459401.3235670924,455862.0912474394,452911.4744954705,450496.4968441725,448560.81415498257,447064.4784665704,445955.23303830624,445184.97277128696,444698.0805374384,444424.519515574,444291.9811244607,444241.0393195152,444225.50865107775,444221.4157013893,444220.4023745656,444220.31350266933,444220.2128273845,444220.41921818256]
testLoss: [120608.88264989853,116172.33830857277,112030.4641289711,108153.06817960739,104537.19311451912,101173.05594491959,98043.36062884331,95195.2329261303,92618.08930039406,90362.3025097847,88499.13423395157,87017.86786437035,85975.6667482853,85329.22491669655,85009.8924024105,84797.60861515999,84714.86637401581,84693.61112618446,84655.19807171822,84665.68126893044]