trainLoss: [280782.304295063,279410.17853569984,277296.2431178093,274223.82099825144,270348.02826589346,265830.7142831087,260902.55347269773,255840.75189965963,250981.0557229519,246396.8803523183,242259.37666106224,238436.31027710438,234943.10644638538,231679.43575662374,228632.8087143898,225796.10606449842,223188.6246957183,220754.40186208487,218489.60527664423,216450.1615716219]
testLoss: [71308.98088693619,70020.83425092697,68781.73652553558,67417.76448011398,66422.40874433517,65526.35747909546,64744.44926214218,64162.79174852371,63020.22641038895,61243.60570383072,60612.973080158234,59301.55959510803,58198.61539936066,57306.19257593155,57122.19506406784,56075.32121706009,55465.876062870026,55458.06587123871,54395.462507247925,54180.23811292648]