trainLoss: [319183.91514343023,299543.1250036359,221228.5699902177,217934.9125789106,216704.59750968218,215933.8790819347,215453.34830474854,215129.05732002854,214860.61834818125,214711.10858047009,214583.2705205977,214532.4595876336,214422.696847111,214356.15818583965,214300.9820049405,214144.364022851,214131.55402496457,214054.52570185065,213975.69385108352,213899.90524566174]
testLoss: [64368.84986400604,49429.7893948555,48127.06893801689,49961.75976276398,49636.87005376816,51382.24750947952,48142.611146211624,51998.651874542236,53356.02642917633,49830.8105096817,49451.57623386383,51908.65307593346,51342.508024692535,46141.50276827812,48881.1944899559,46174.73968744278,46539.153950452805,48978.878967285156,49524.9746131897,48813.7044107914]