trainLoss: [237425.28539747,195911.77144673467,189459.7695621848,186559.8531845212,184818.11422768235,183526.93554779887,182320.92912954092,181222.05181911588,180191.35222172737,179184.97662454844,178223.33802303672,177266.11924219131,176328.822827518,175441.28035092354,174515.82844632864,173672.90921124816,172822.0803309381,172047.45608091354,171242.98773390055,170528.284083575]
testLoss: [87815.43857192993,82118.28528022766,80086.98325252533,80331.43582630157,78027.72025299072,76210.71259593964,74372.47124958038,75236.23199748993,77137.0857963562,72916.40599918365,71571.66272640228,71592.03183364868,73723.45143413544,72229.69552898407,69377.14910030365,75535.71296977997,66916.94725608826,67994.1049900055,68140.55092144012,69555.60523033142]