trainLoss: [241.24525404474852,228.78089219021086,225.4635491511461,222.90384656706354,220.82109783680306,218.56565477792066,215.69535929046546,212.2878506946946,208.56828544240227,204.61287041675868,200.4302444376077,196.13858385146824,191.68064737637428,187.02469150109252,182.2396968094139,177.31773809933307,172.31281857511706,167.12040574095911,161.9127303704295,156.66860225120772]
testLoss: [346.65276483835714,345.067091420389,328.2325676675766,322.63358242819385,317.42471943670705,314.51148053715303,323.865190402154,345.2576529395196,361.5662608919605,378.0855944575802,396.1388477636922,419.61451723114135,432.4262626009603,440.60234069439673,434.3890088242869,444.0991767937137,450.65427385453256,459.8082344716595,500.43313653545994,529.7647437695534]