trainLoss: [308853.9607665539,308143.5707002282,307059.6377352476,305441.13664126396,303336.6457415223,300845.1672654748,298037.69828635454,294979.9373140335,291661.7191879153,287985.77160573006,283752.9812787175,279096.7597256303,274368.14819961786,269867.01455390453,265843.33966708183,262137.15040111542,259093.97625756264,256222.18311834335,253688.56823676825,251029.79028713703]
testLoss: [83404.57310509682,82226.49991202354,80212.05291175842,78085.44806265831,76004.8070538044,74430.34348988533,73772.9493200779,73995.00590658188,72274.98602080345,70439.98628687859,70212.10706567764,72208.40847754478,72902.17061018944,71362.0549454689,72974.96787405014,73242.21913981438,78462.099984169,74023.6037261486,75669.80753183365,79642.59704399109]