trainLoss: [465.0378222081222,397.417878195016,395.69440870700697,394.686805844503,393.9141020385058,393.24303083753114,392.64297896686355,392.11328807998643,391.62776987556566,391.1832901429973]
testLoss: [407.84529085281326,390.15858709694834,396.7925707726028,397.0681174777624,397.8337072270123,397.2757362284529,397.6756017799452,398.944270582415,398.74687104478596,396.49344730306797]