trainLoss: [467814.1210680008,463199.5493388176,460774.3211557865,459773.7413535118,459501.9198040962,459461.7345575094,459459.35721850395,459459.314227581,459459.17611706257,459459.25872039795,459459.27343404293,459458.94112050533,459459.2505142689,459459.24270260334,459458.84033226967,459459.1257122755,459459.1195560694,459459.0889188051,459459.3489649296,459459.3027392626]
testLoss: [60142.7613787055,64638.340018868446,68390.25608688593,70975.16402071714,72329.38444155455,72808.84738767147,72868.2932549119,72898.79557734728,72855.98713904619,72901.38718557358,72907.9443140626,72978.51183670759,72853.30452632904,72866.00945210457,72792.53195333481,72922.62380808592,72866.37306690216,72925.59505307674,72886.78517854214,72875.75658553839]