trainLoss: [275091.80099338293,273829.38752639294]
testLoss: [96620.02676200867,93965.15530920029]