trainLoss: [420669.1468439102,341992.94450610876,338112.40451431274,336628.67721027136,335784.201200068,335256.87717425823,334798.4163289666,334383.11943745613,333967.26930481195,333298.7571428418,332197.80903321505,330806.0147845149,329448.0905613899,328107.2763541937,326800.32013732195,325790.758053422,324950.81318962574,324331.4734983444,323838.7034327984,323363.52948594093]
testLoss: [36190.07055550814,40173.21487596631,37036.37835294008,38369.540892362595,37994.7639618814,37725.2676512897,36639.38159227371,37859.573515594006,37002.880397737026,34769.20046696067,36821.43309280276,38813.40827769041,41814.759275227785,40372.13706636429,37234.55725502968,40792.5410245657,38908.88765510917,39778.84728011489,36183.42865628004,40564.600480765104]