trainLoss: [458640.9052836895,457705.6966406703,456618.64115178585,454885.2289377451,452076.4544765353,447981.3996043205,442772.55525159836,436491.5299181342,429334.9243578911,421763.38101410866,414070.00428301096,406378.9158709645,399002.8443481922,392125.16426700354,385915.9123260975,380256.13319152594,375251.2314968109,370697.3704674244,366440.56879764795,362221.9069892168]
testLoss: [62759.232566833496,62976.34869146347,62386.93799209595,61301.94794988632,60066.44497728348,58266.58249616623,57974.531024456024,56659.59217786789,55674.76028871536,54396.45763158798,54905.52661371231,53963.618005275726,53761.896686553955,53924.42106962204,53195.72378540039,52629.136102199554,52982.18621683121,53376.36110448837,53851.35510921478,53784.51428222656]