trainLoss: [267288.77904209495,181813.203255713,175023.68724429607,172272.82633313537,170476.2788324654,169307.86382442713,168539.03848281503,167990.67861497402,167580.47913438082,167243.23278945684,166999.96135818958,166839.35922548175,166731.97790700197,166629.250983119,166558.57789367437,166485.91607382894,166415.5051803887,166364.4750728011,166308.60738238692,166255.63767060637]
testLoss: [48984.74333280325,32818.543810755014,31158.2460334152,31644.21485196054,31148.629392921925,31188.564053684473,32406.22819980979,32860.328086435795,33498.158095270395,33376.4949567914,33934.27039170265,33961.074043005705,34402.28856733441,34508.10156476498,33979.187656372786,34107.30582296848,33398.787031143904,35865.98054459691,36830.38996323943,34376.943541795015]