trainLoss: [468022.5340281427,334822.07190310955]
testLoss: [78923.91706609726,78919.68561029434]