trainLoss: [555216.9708767533,555181.6182387471,555181.0948899388,555180.9702439904,541723.4450051188,434414.95433074236,431209.7690280676,430220.6295237541,429559.6715826988,429122.80971443653,428627.09822130203,428318.6018066406,427913.4525348544,427573.11290967464,427222.68310439587,427024.32575929165,426755.2318379581,426524.68331599236,426279.42614883184,426059.0108190775]
testLoss: [68755.57396888733,68754.98732376099,68754.86879682541,68754.77916431427,79218.17051410675,81320.52858638763,82356.43711709976,81367.25045347214,81148.13839960098,81966.43399620056,82392.37939071655,82063.03113031387,83695.83713817596,81489.63544464111,79708.55625343323,80832.55130243301,80370.75433158875,84061.95188379288,81006.61686182022,79483.43624830246]