trainLoss: [270195.3651268482,269213.8859356642,268064.4777392149,266132.0707527399,263259.55256056786,259107.48788130283,253858.8336379528,248126.32777655125,242574.92293345928,237964.8508825302,234074.31714046,230900.7954454422,228162.7544002533,225916.07204318047,223887.51084804535,222045.79853487015,220500.39868056774,218916.37338328362,217335.9394273758,215911.68845057487]
testLoss: [83826.56412506104,82303.68844032288,80081.68534183502,78676.49381446838,75249.25611877441,73339.94784355164,71087.30714988708,68348.13912200928,68059.53706073761,64991.72068691254,63464.37479305267,61948.36189222336,60213.416194438934,59409.302334308624,58939.76681852341,57894.82132434845,58082.962599277496,61236.185943603516,58569.40556907654,58918.5005235672]