trainLoss: [563147.5271555185,559560.7328512669,558478.5660431385,558162.1851178408,558104.8580918312,558102.853651762,558102.7032240629,558102.6915831566,558101.7427395582,558101.1434284449,558102.1421083212,558100.7624571323,558102.4505804777,558103.375906229,558102.0370563269,558102.0246369839,558100.6045005322,558102.145119071,558102.9130100012,558101.9527939558]
testLoss: [81525.10777193308,77453.126927495,74887.17293417454,73524.45358383656,72959.48440277576,72907.57562595606,72922.96261566877,72876.11313468218,72893.48974597454,72992.76784908772,72979.33737671375,72857.93664449453,72916.14657562971,72891.56874758005,72918.00644165277,72882.43683433533,72888.44470310211,72973.86159020662,72850.80571442842,72794.65558505058]