trainLoss: [50.32807604980136,46.51833187427264,46.09863221307219,45.8520894313441,45.66636083630598,45.495293436711236,45.33426335601959,45.16529486619701,44.99332251984362,44.81471671110255,44.6393465703708,44.432648426514206,44.20603978469864,43.97539172611113,43.7194338847312,43.425145569268395,43.13703002959995,42.818920432885406,42.49312485511733,42.16596763937447]
testLoss: [87.194818703226,89.09144219447992,86.04719140572001,86.26968246024337,86.36833110005145,88.26095236124101,88.00121415574976,88.67342140659184,89.11669620645259,88.62826576562951,89.21033771687544,91.5559739212179,91.21559474683444,91.38917207486796,94.38130125665799,94.66698979106107,95.33605182950832,94.09512973642985,92.39381850815359,94.0841946811182]