trainLoss: [250158.13345074654,194706.99685671926,172267.0462474525,164887.87650829554,163638.4415217936,162753.2908835411,162568.8526955247,162193.25873240829,161752.12692528963,161760.08386284113,161034.53855347633,161039.36146131158,160659.45830726624,160377.2213741541,160193.82418254018,160086.53194999695,159983.79130503535,159786.82359039783,159471.32164776325,159260.06402042508]
testLoss: [55844.12119114399,50472.11837911606,40922.43565607071,54578.456156373024,47115.98637807369,60756.24872136116,60611.257556557655,47939.89346516132,64196.464752197266,58354.8269687891,55767.70578980446,46296.20466065407,50264.91131877899,47643.02170646191,64072.49669086933,56737.63342833519,53691.54794239998,59030.61674404144,52951.99692738056,62094.867836833]