trainLoss: [498.3681600477451,437.8744218751788,430.6871631532907,426.6684859653314,424.4460343936315,421.22327289466676,417.54632903937346,414.19491351766465,412.4036427761882,411.12241236284757]
testLoss: [787.2296600629423,721.9878846221538,708.8203249488805,704.958250718148,733.1083801270051,721.0483731688975,701.7162865720862,675.3822099918196,667.886469517293,675.9004671711388]