trainLoss: [283371.3229086399,282902.11699187756,282903.096794188,282901.6987027526,282900.6346592903,282900.3979039192,282900.3979039192,282900.3979039192,282900.3979039192,282900.3979039192,282900.3979039192,282900.3979039192,282900.3979039192,282900.3979039192,282900.3979039192,282900.3979039192,282900.3979039192,282900.3979039192,282900.3979039192,282900.3979039192]
testLoss: [77930.41622048616,77921.04338282347,77912.37479573488,77907.1976313591,77903.50498437881,77903.50498437881,77903.50498437881,77903.50498437881,77903.50498437881,77903.50498437881,77903.50498437881,77903.50498437881,77903.50498437881,77903.50498437881,77903.50498437881,77903.50498437881,77903.50498437881,77903.50498437881,77903.50498437881,77903.50498437881]