trainLoss: [434.70225643618215,394.14572555726727,388.5370814533818,383.2144720368038,378.56335488932814,375.8919990080871,374.1476749050696,372.83814813901256,371.6966341159202,370.80203716147025]
testLoss: [408.39391158227846,425.2482543155903,372.51904894963025,401.10311063865976,419.0038930527338,431.62028237543706,428.4319299637802,448.07061589773247,407.9824851396985,445.2001733456071]