trainLoss: [270856.829965353,270296.2415910959,269471.8100708723,268246.7287713289,266679.18432462215,264954.3453722,263113.8117829561,261012.94791698456,258774.9174860716,256398.0395349264,253863.9800235033,251302.56017768383,248787.16471517086,246279.04374349117,243866.39976787567,241422.07177329063,239165.6641472578,236952.8380060196,234855.26548743248,232889.098762393]
testLoss: [81391.51319408417,82601.94836902618,84060.89336109161,84701.46726322174,85096.27584838867,84258.0954504013,83868.39013671875,84160.26606369019,83495.3241186142,83049.41295433044,83587.31641483307,82952.53564739227,82747.9494009018,81871.01342010498,83279.12080001831,81226.18743228912,81125.01989364624,80402.21832180023,81151.82419490814,79892.0418624878]