trainLoss: [549757.2472091913,545460.2880405188,542507.5957579613,540739.3193472624,540279.6410435438,540230.3532145023,540229.107147634,540228.5746757984,540226.2925726175,540229.6962692142,540229.7094674706,540229.6191144586,540227.4730276465,540228.7218723893,540227.2141661644,540229.506847322,540225.6817905903,540226.8913674355,540225.5958821774,540227.7856419086]
testLoss: [69612.73840212822,73708.54087781906,78403.9451406002,82393.00192785263,84053.56337380409,84629.4632704258,84612.59558200836,84630.72497534752,84638.62806868553,84652.94344735146,84767.25646734238,84723.91884946823,84658.5707564354,84591.5857822895,84779.02401399612,84750.02838873863,84843.98359322548,84789.15214824677,84716.61972594261,84696.25056862831]