trainLoss: [242.88504248297255,230.38328004765165,227.044381236672,224.5889237974589,222.5195406415107,220.10340251829123,217.01226979212316,213.320785343647,209.42392862310533,205.24553539927996,200.93278889435948,196.45642584917013,191.75063284310005,186.8949363505814,181.80254603665452,176.59411230878914,171.22040863287063,165.68696631048624,160.10082349890595,154.73799043192682]
testLoss: [177.87241868674755,189.4204003497958,187.0718438018452,193.73197049769487,197.90583014650778,210.83100157759407,234.18083558543162,255.28695970042185,267.67331217148086,282.17287299985236,297.5890736227686,309.7186703299934,318.43545697385616,319.67790321328425,328.0045068743554,334.35632063800637,349.74651270237837,361.6864460072734,380.80944922728975,414.6950046181679]