trainLoss: [319107.2906938195,288244.246935308,279975.2373729348,279935.7042507529,279901.1836594939,279920.733463943,279931.2172688246,279765.69115042686,277645.85257965326,276298.2480303645,274420.35469186306,272056.9065425396,268785.7351741791,264354.5900030136,258253.4692823887,250869.56415110826,243463.74916028976,237272.29994237423,232509.2575739622,228795.05658841133]
testLoss: [106971.19419384003,67889.0634932518,64594.20228767395,64562.6401014328,64567.23164796829,64837.58720111847,64610.670104026794,64366.98622894287,61714.822573661804,60246.42279148102,59671.54319667816,58161.18112707138,57736.48869085312,55622.33816957474,53658.114941596985,53152.42602968216,52809.83399248123,51531.62563419342,51471.77350521088,49638.31438922882]