trainLoss: [906.6104164051084,839.988959931528,831.542228443506,825.4429617315382,820.296656265332,832.0240870888969,820.3558218527334,814.6744654348919,810.2679858767897,805.9989598987246,801.6874714209547,797.3607075330533,793.0633069225645,788.3818939342012,783.4275874848802,778.6240770078841,773.4928404202213,766.660282450399,759.2005283704826,751.5856634549292]
testLoss: [607.8596881184923,803.0263792383939,612.3159417958188,603.4351585229537,548.7942212371897,633.6853161048621,606.28944479971,668.756209491563,611.2944111920389,582.6244407267051,618.5291662117593,634.6909588839775,592.8654366812311,598.0239849381877,600.7870947503505,624.7321000502521,617.109242387284,607.3346727978915,637.5932122569783,634.3600539630069]