trainLoss: [256757.2985574603,219629.42248988152,216198.73334819078,214242.29047763348,212816.60025906563,210619.44598311186,208691.4829121232,206854.19004166126,205369.93165248632,203677.07725948095,201916.24481976032,200654.5736771822,199086.2877790928,197615.88833367825,196625.91118967533,195403.54920384288,194288.7800435722,193393.63036876917,192013.24000307918,191138.8524055183]
testLoss: [43862.9090038538,59282.22672224045,45985.54141616821,59168.44621729851,51392.88106369972,46814.08194041252,53431.913702368736,50900.31424689293,56577.746834635735,55912.35256814957,51220.33258152008,51314.59833586216,49643.6629049778,59242.78925561905,52969.37210857868,50096.760674238205,53188.241028785706,50561.8233962059,54302.026052355766,44873.96491026878]