trainLoss: [271349.58229494095,245168.62677383423,238953.2669506669,233061.0829296112,227436.66198909283,222520.7044724822,217699.3985236287,213435.9985088706,209441.59826773405,205631.92857569456,202170.23705542088,198727.3415760994,195802.81614866853,192986.68691420555,190102.54019740224,187625.87429073453,185205.95931455493,183105.82461938262,180793.51931014657,179045.07892212272]
testLoss: [32636.472579717636,26594.569268465042,30693.70198893547,31825.24635052681,35901.3492128849,31392.573947429657,30020.32509469986,31236.35193824768,33818.861661195755,34893.86294555664,34264.90629696846,36070.94021105766,32535.024031162262,36011.65722775459,33194.37847542763,33455.722382068634,30860.16794681549,33338.34171175957,33877.94817399979,38435.978951931]