trainLoss: [533253.3702519536,527951.7634090781,521445.49062526226,513733.79903936386,505676.71376621723,498096.99015569687,491168.7923141122,483642.9284912348,474707.6634274721,464457.4300481081,454432.86681240797,445355.8087530732,437727.2944637537,430461.5972790718,423215.0545923114,416298.9135132432,410405.6255400181,405468.6516466141,401794.7169749141,398445.4355084896]
testLoss: [78805.87021541595,75799.67344856262,71725.97797012329,69938.4845790863,68191.0402135849,66187.60532188416,63962.817840099335,66043.2228937149,63929.42146396637,64996.60376358032,66494.44378900528,67161.63103294373,73859.9744682312,72638.05809879303,73294.29997444153,73253.0019826889,73660.45505714417,76421.8402929306,76558.00782394409,77663.85445785522]