trainLoss: [511391.34967315197,469612.53457677364,445642.347238183,425864.07569253445,408748.1779165864,393541.7594899535,380027.26637744904,368083.13945168257,357642.0469401479,348432.07034790516,340636.7594293952,334263.337634027,329080.7175375819,324890.53883963823,321533.89912468195,318746.14257997274,316499.9229618907,314782.4324980378,313280.38377326727,311932.75503718853]
testLoss: [121718.5535697937,112075.77500629425,105484.95011329651,97926.11133098602,90972.77783966064,86387.52602958679,79972.46177864075,76211.04379272461,68402.04734611511,69466.08572101593,63966.93117713928,60265.49394083023,59197.63003063202,60618.438606739044,54264.87533092499,53162.541766643524,56307.36508655548,51139.231877326965,52378.44555807114,48651.33985853195]