trainLoss: [467.0544306631182,426.6483391053536,419.92123493727513,415.4419306912453,413.47092419044645,411.1918799666797,411.5254473022386,407.17973055239594,404.7443807722696,402.0023285735666,399.3822363166248,395.4967465694044,391.239891375202,384.5369243729738,376.22300708498443,369.591717265186,359.88490195591856,349.69836573830617,337.5065450106571,321.1755723946624]
testLoss: [645.2739832946232,403.8382036030292,771.5643181596483,769.2828889523233,730.6308687039784,646.0847843476704,633.4526903833662,598.2570520094463,578.2592116219657,522.5367282663073,538.1411360570363,518.3313620567321,446.9589012690953,456.8563668557576,487.239585845811,431.6409446648189,477.852590077264,582.4429086889539,643.8732212305069,679.2362227133342]