trainLoss: [410279.9002559185,367047.2797264457,351676.1110891104,337713.01737985015,325192.19712013006,313856.29986441135,303574.9427753389,294502.4171426296,286206.77997997403,278829.07476451993,272297.3603194952,266379.478679955,261224.01609909534,256572.9368813634,252629.71743631363,249111.5449204147,245998.21962836385,243477.4179008007,241178.1642740667,239150.25260844827]
testLoss: [121642.79595375061,108937.81867027283,106067.44114685059,95802.38029384613,88899.63233661652,91318.73049736023,94161.73528862,81446.88984012604,82599.19686412811,70867.81316757202,73692.9870557785,66771.1097984314,66816.81439304352,78237.58076953888,72396.51853752136,69594.87818431854,67360.3984632492,65390.888350486755,70481.05564117432,66298.52198839188]