trainLoss: [241842.69159030914,182503.8752771318,161126.6778356135,159311.2102343738,157981.83301588893,158112.6664353311,156974.84139800072,156356.8055677414,156473.0950857103,156128.9595644474,156184.5290837288,156146.078674227,155620.60022991896,155503.1689054966,155397.52861207724,155481.52095595002,155460.7831415832,155204.01924318075,155096.64861536026,154821.33486399055]
testLoss: [94851.62575149536,47884.165437698364,56216.684908390045,56877.29322767258,42721.949880599976,57943.77222299576,65078.71548748016,59517.483209609985,65734.54717302322,49770.99787044525,47182.57538318634,55558.61365032196,66462.3879327774,65338.75072622299,52118.197301864624,50462.63231372833,58400.764513492584,53765.732608795166,54811.326298713684,47905.943245887756]