trainLoss: [538497.7956693769,532104.0268275142,518674.6083448529,501253.19179821014,483069.58745992184,467584.9341466427,455798.7979760766,445999.81648761034,436731.16848272085,428247.62543433905,421097.5658893585,415039.951988101,410080.0538468957,405849.5146379173,402231.12470787764,399233.3894559145,396651.87469252944,394396.8788345754,392293.8751170039,390440.1920341253]
testLoss: [84427.87215065956,81837.72813606262,79044.6793551445,73377.99360466003,72537.7449965477,69746.24376225471,66634.43852424622,68663.33165049553,77016.21726679802,73446.50181937218,79072.18466711044,76707.50814247131,72558.53571772575,74594.00889658928,75410.92590165138,74372.09862613678,74914.88490533829,78388.04040908813,77481.27671051025,77973.39320254326]