trainLoss: [538272.7796020508,531622.0145609975,517873.2738978863,496944.5611715913,477459.7960963845,462750.3206771016,451466.0403134227,442552.27840548754,435062.8611962795,428598.76815366745,422886.444817245,418110.75077301264,414226.55323928595,411091.86472833157,408534.6678905487,406519.34283322096,404815.20811259747,403410.81975221634,402323.4435066581,401420.22788512707]
testLoss: [82286.84806060791,79869.68638706207,80252.14302945137,80068.10081481934,75770.1232111454,76104.10754656792,75371.24937558174,79432.71243572235,78491.0173099041,83257.32080674171,80152.6985669136,80941.53149175644,78572.4788839817,87505.4734992981,80699.2920665741,86784.28269672394,84687.74991893768,87197.12266230583,82929.96019077301,86041.07040309906]