trainLoss: [49.8154762445157,46.79631791304377,46.63799909927315,46.56999585514411,46.52166303514483,46.481687198827416,46.448396101157186,46.420024400034315,46.395944365814465,46.373968220220604,46.355134647936076,46.33650239197944,46.318918471613294,46.303928981018686,46.2880850254182,46.27385288330161,46.25996361573339,46.24607181901471,46.232725007310584,46.21884210034239]
testLoss: [107.57703976932558,107.83804848250935,110.0047489476175,110.34757415565132,109.60843676465875,109.49571965981474,109.08811012204129,108.75684299460809,108.63393299515104,107.80450920028814,107.44709069660965,107.12007088930329,106.41719651414813,106.2856786027671,105.92773496709849,105.58837559272766,105.13321637040868,104.94712048051623,105.28014532453794,105.16931114144779]