trainLoss: [362590.0444970727,258202.70573291183,255765.56276655197,254330.923561275,253136.5298744738,251979.48801457882,251404.77685821056,250465.2216051221,249838.05205705762,249269.0109769106,248840.0731752813,248354.35319784284,247932.66195043921,247711.31237962842,247494.6129090786,247296.6476445198,246978.55169415474,246585.0875878036,246298.76286253333,246240.14019817114]
testLoss: [50303.37207746506,58225.729529857635,59429.63372373581,59791.67717218399,51274.25033855438,49868.89090633392,55616.59426021576,57370.302953243256,50728.52730131149,49671.71514701843,49733.74717473984,50772.91450023651,46736.7360970974,51107.62197256088,53422.20921421051,44754.83201503754,48533.884504556656,48362.73098564148,44345.56464600563,49009.34456682205]