trainLoss: [385805.0355962217,329911.50595620275,323732.77952086926,319937.9497407079,317215.13595095277,315308.9817097187,314117.4831432104,313123.4721892178,312404.3330049515,311833.4033073187,311233.7266226709,310771.12492632866,310256.77851733565,309963.8537270427,309667.39300841093,309280.6744405031,309008.6339612901,308834.52336394787,308570.4433609843,308429.75333991647]
testLoss: [82623.61759400368,75685.60322546959,75885.29903173447,84163.42715144157,76897.80292320251,71501.27064299583,76502.43334555626,79888.38812661171,81998.45882821083,77880.17934823036,77244.55113244057,76002.73349165916,71159.09162378311,73820.44156861305,70078.90628027916,71961.43685603142,79581.88517332077,73149.4523575306,76738.13375377655,78349.74723887444]