trainLoss: [441511.9925237894,441145.3707793951,441032.1371123791,441004.26620554924,440999.22712153196,440998.53889644146,440998.4030787945,440998.2347602248,440998.13652706146,440998.4308760166,440998.42107629776,440998.15628784895,440998.20922732353,440998.3647044301,440998.1956677437,440998.3220118284,440998.2186316848,440998.49726450443,440998.19775545597,440998.3059723973]
testLoss: [81221.88332748413,82930.7407951355,83868.52239608765,84360.15630435944,84516.77815055847,84601.81634902954,84658.36516571045,84660.96164226532,84598.91675758362,84593.0790348053,84597.52637863159,84662.34914779663,84629.18995189667,84632.24539470673,84618.45819759369,84637.95685100555,84625.85150432587,84615.5953798294,84660.9304113388,84644.1324596405]