trainLoss: [448362.095261693,445252.82361757755,444953.3791690469,444776.7382400632,444616.3848363757,444458.63667601347,444318.7722773552,444251.76140511036,444233.7933267951,444224.4511913657,444225.1977248788,444221.50987792015,444223.26586705446,444225.00526344776,444223.9836733341,444222.61274152994,444225.60083669424,444216.4330097437,444227.7762925625,444220.67131745815]
testLoss: [92862.72205519676,91012.95392608643,90172.84008336067,89422.40876507759,88506.85339522362,87321.6435725689,86141.53665971756,85296.47642564774,84922.61257696152,84779.32847070694,84699.30353021622,84666.8291208744,84658.84625601768,84618.94245433807,84647.05563688278,84692.09637475014,84659.69456005096,84713.86187577248,84738.94623422623,84686.05042672157]