trainLoss: [470.632461955969,401.57822756382063,399.3681359466245,398.2039329050545,397.33997256277087,396.60304567043454,395.93521315691635,395.30718168307175,394.7155624463203,394.15561449234474]
testLoss: [468.9862034792537,505.081789253958,496.6144431505772,493.70325126967685,494.8416761217133,492.3312539404986,486.3632374352572,483.58793879403976,482.3148155826212,484.0756718038723]