trainLoss: [541100.4042229652,541072.9421808124,541072.7700921893,541072.7700921893,541072.7700921893,541072.7700921893,541072.7700921893,541072.7700921893,541072.7700921893,541072.7700921893,541072.7700921893,541072.7700921893,541072.7700921893,541072.7700921893,541072.7700921893,541072.7700921893,541072.7700921893,541072.7700921893,541072.7700921893,541072.7700921893]
testLoss: [90451.20150232315,90450.16213417053,90450.16213417053,90450.16213417053,90450.16213417053,90450.16213417053,90450.16213417053,90450.16213417053,90450.16213417053,90450.16213417053,90450.16213417053,90450.16213417053,90450.16213417053,90450.16213417053,90450.16213417053,90450.16213417053,90450.16213417053,90450.16213417053,90450.16213417053,90450.16213417053]