trainLoss: [401549.26622369885,331793.9683627486,328190.77182000875,324817.25827655196,321819.38864791393,319785.22337669134,318129.37543445826,317176.9033026695,315914.02922812104,315466.0705079138,314693.4606126845,314427.9431912005,313860.5844319165,313536.29840406775,312658.83718797565,312979.97466656566,312432.79912909865,311931.91519737244,311643.6376410425,311149.9691325128]
testLoss: [74700.92903137207,86762.64221382141,94443.0073852539,104040.17206764221,97623.94543361664,97871.12142372131,108618.90779972076,106822.54099655151,87454.78518104553,88768.5159111023,86546.64939498901,81731.5688905716,62166.20974397659,70928.28977870941,84571.82458877563,79693.43049430847,100417.02238082886,83640.50742149353,82042.44404029846,76469.20958995819]