trainLoss: [242535.99474677444,215418.67157375813,213047.278485775,211529.6956140697,210443.43376421928,209939.95880052447,209193.91695407033,208649.99007701874,208075.18401277065,207630.95958262682,207355.4886432886,207054.70283716917,206634.42790815234,206611.77250382304,206153.71652784944,205772.153832376,205269.84045943618,205113.95682764053,204758.62322565913,204473.3053610325]
testLoss: [56381.430888175964,53674.45009946823,56654.30800771713,57436.03575229645,54036.86578941345,51347.90969085693,53206.749843120575,55099.36475324631,51109.452948093414,56035.52993154526,56931.72285985947,48726.88637447357,53441.7535276413,57510.93817424774,46823.855100393295,51947.377407073975,57399.53625154495,54586.1370973587,58069.290103435516,55000.46893310547]