trainLoss: [459054.05397337675,457493.2988554239,456307.379091084,454958.88440310955,453271.02648973465,451146.0792159438,448158.40643930435,443921.88053286076,438638.2536212206,431955.54371649027,423681.9513542652,414448.91375279427,405038.09558063745,396228.4772666693,388404.203178823,381796.4024538994,376161.0065590143,371165.0695900917,366726.81753617525,362624.45266854763]
testLoss: [61601.60097503662,61844.13314008713,60647.33040475845,58541.113173007965,57861.44705867767,57258.22104072571,56572.06313371658,56591.54611206055,56581.433953762054,55230.88182592392,55223.35073184967,55207.6254234314,55460.3985042572,55035.43304824829,55060.16380691528,55622.54107952118,55200.315306186676,54512.58416032791,55180.20143508911,54603.48631858826]