trainLoss: [451965.8471571207,447713.9051492214,445479.6998922825,444540.2062699795,444269.8308262229,444224.77899330854,444220.59716922045,444220.4947475195,444220.4499473572,444220.47777974606,444220.5385273099,444220.31794697046,444220.2106488943,444220.6390618682,444220.3690494299,444220.38716185093,444220.3028149605,444219.984569788,444220.5561847687,444220.49452000856]
testLoss: [70674.04795503616,75578.06039190292,79662.19901037216,82520.28028845787,84007.54638314247,84599.17715001106,84695.07609820366,84793.71339201927,84762.46275687218,84764.33135962486,84751.9244749546,84809.8882009983,84724.73588657379,84731.33715248108,84803.69782996178,84826.75160074234,84716.32370758057,84897.08502316475,84806.94013667107,84818.57713413239]