trainLoss: [558503.3106066585,554944.250633657,554317.8296296,554318.7798996568,554315.7036147118,554314.7275400162,554315.0507364869,554318.2675032616,554313.7167349458,554315.4985355735,554314.0344333649,554313.5145196915,554318.8524156809,554315.193097055,554316.3729833364,554315.46459198,554315.4224625826,554316.1295378208,554314.1828250885,554318.9346848726]
testLoss: [58138.14223384857,63740.06985282898,64122.20224523544,64452.45944261551,64473.607236385345,64270.337070941925,64413.79991865158,64402.705798625946,64112.003977775574,64217.49572992325,64451.749378204346,64606.120458602905,64300.44589948654,64573.64905977249,64569.07294368744,64459.301087379456,64249.8878736496,64553.24091672897,64196.14606618881,64385.84890127182]