trainLoss: [574096.9287432432,564831.883385539,561076.7209004164,559500.704351902,558767.3216869831,558302.4133352041,557153.224693656,553950.9440348148,550297.1883862019,543894.465977788,532222.0073399544,515674.3839070797,498727.225761652,484238.0680090189,472352.7288982868,462209.69034409523,453896.5732513666,446839.28052175045,440742.06460249424,435444.387732625]
testLoss: [90786.49554103613,84388.77080923319,80506.00056678057,78149.78756201267,76274.91110438108,74121.89107185602,68672.20087087154,65043.5478926301,63267.915467619896,58941.36960476637,56526.565573871136,52884.602015554905,52921.63827097416,52329.65620213747,53974.645313084126,54407.44880324602,50755.433918207884,54175.17580449581,52404.52950486541,52601.80397117138]