trainLoss: [276853.7538446188,255276.8949111104,249165.5111361742,244279.08895647526,239412.93475657701,235378.86585837603,231595.17841750383,228180.99835842848,225162.38591906428,222276.62548229098,219940.75627487898,217660.08419513702,215300.22597050667,213497.03219407797,211763.61030447483,210303.9063358009,209127.78971984982,207781.23021915555,206863.7820777297,205908.86913844943]
testLoss: [101853.30728816986,91740.01700782776,93808.00513458252,90453.70087146759,85528.37654876709,86826.48343276978,79705.72541046143,76941.55416202545,82031.96105480194,80736.33518695831,78613.27212429047,77000.89959430695,72631.30892848969,70226.35706424713,82304.18807888031,63324.81807184219,79135.8815870285,80581.69520378113,64885.50242424011,64395.380217552185]