trainLoss: [49.77413652552661,47.344290761882746,46.71615810801548,46.301974476592854,46.02603897815082,45.81927720392821,45.64858982528422,45.4795070154393,45.296207229908894,45.111763928400556,44.90396138514517,44.66797775317445,44.3903268475589,44.05269230812112,43.64463571051585,43.194754110830665,42.63003944420484,41.960958458173465,41.244377117022665,40.458672885325306]
testLoss: [72.7844987341002,72.64915519438537,68.98957602627137,66.9620776108667,66.03835517939399,64.87797651664883,63.25339280460395,63.11080559351865,64.03095993387933,63.414085132234234,63.554052459024916,65.11813503176558,66.6424225229843,64.50526532472348,64.89297147872401,61.749350244391195,61.65627852514678,62.40812520349727,64.69011387521145,66.3283045352674]