trainLoss: [558741.5690344572,558199.619828105,558105.3942596912,558102.1662062407,558102.168521285,558101.6167527437,558101.8708019257,558101.9227662086,558102.0404680967,558101.6486014128,558101.6025893688,558102.0027889013,558102.3668766022,558101.557258606,558102.1100238562,558102.0900191069,558101.736648798,558101.484808445,558102.1094167233,558101.7976914644]
testLoss: [75637.28308808804,73528.93552541733,72983.77290087938,72906.7302570343,72892.96469449997,72839.69838750362,72954.84262728691,72914.7937951088,72909.35372585058,72957.39289522171,72947.00775676966,72819.53452664614,72888.87015283108,72850.9356341958,72891.94909310341,72890.28830111027,72900.99820798635,72979.56595981121,72956.6272802949,72911.74149549007]