trainLoss: [563896.3449068666,550481.6084405184,547316.6420122981,540901.8097752333,531462.5263605714,519997.63615489006,507917.95496064425,496291.28106606007,485589.5609539151,475980.4335901141,467226.9363194108,459414.3112576604,452331.8977224827,445840.1450126767,439880.26060312986,434556.9463169575,429872.31664794683,425730.27646046877,422124.84560340643,418904.06826895475]
testLoss: [69858.64913988113,66757.23217964172,65483.05645084381,63919.57417678833,62715.121171951294,62107.60186243057,61638.64623117447,61090.46425962448,60813.058141708374,60192.068898677826,60597.93538045883,60806.5867023468,59143.66523981094,61084.63192272186,60051.411281108856,61669.97123622894,60199.779814720154,61371.11058855057,61383.999331474304,62089.19631719589]