trainLoss: [272795.6834369898,271203.072016716,270794.0859117508,270729.237147212,270724.62448227406,270724.3598290682,270724.5286388397,270724.44281601906,270724.29526889324,270724.4475232363,270724.36809515953,270724.2393065691,270724.2972432375,270723.6239416599,270724.7787876129,270724.54849135876,270724.1714428663,270724.38339710236,270724.24581193924,270723.9769436121]
testLoss: [93444.846991539,88268.80213546753,85817.3672323227,84954.3625869751,84757.44396495819,84748.247590065,84743.92541885376,84694.59141254425,84593.25595760345,84685.23206424713,84722.41512966156,84733.42009544373,84718.72167301178,84527.43236732483,84640.46027565002,84654.9630651474,84776.20950889587,84588.1737575531,84677.9321975708,84499.72204494476]