trainLoss: [392169.82537662983,269451.0625292063,251255.92236447334,250251.48392891884,249748.42532503605,249368.14878290892,249093.69875597954,248793.1962429285,248624.71922641993,248461.72024333477,248341.34584408998,248334.79973095655,248218.25157517195,248150.30511015654,248066.87993574142,248086.09682828188,247996.28298842907,247978.53039324284,247970.6909353137,247904.74504041672]
testLoss: [22572.723482966423,25010.402361139655,23287.832065805793,25171.821076110005,24666.164359092712,25186.010892421007,23651.881701275706,22348.57341361046,21525.222174435854,22176.460085719824,21621.72382104397,22164.820622816682,22715.394526824355,20618.01848383248,20258.756976619363,20902.0204551816,23060.33687312901,21265.8361890316,21015.76790945232,24021.5137334764]