trainLoss: [410299.8442875743,326363.6622763574,324737.32422706485,323669.780962497,322744.501527071,321958.3659543395,321260.6514670253,320653.93785372376,320083.7411747873,319646.7664099932,319358.2469352186,319113.3719146848,318866.1198860407,318723.14128759503,318559.7506020069,318406.4630420804,318305.696950078,318238.89235812426,318134.7493663728,317986.1456167102]
testLoss: [69107.50375652313,70605.95639228821,70467.3510131836,79557.59498500824,71310.60536384583,74493.78490447998,71765.19937801361,79587.84758758545,72119.01263523102,73146.96537017822,75017.48927021027,73155.34622001648,73319.59613800049,72764.54267501831,75294.94852733612,75579.50122261047,71891.29991865158,70768.2702922821,74012.84018421173,73791.7201538086]