trainLoss: [430886.29479926825,328835.5523351431,326269.42163687944,325183.94951480627,324343.55169582367,323529.76098817587,322698.344830215,321989.4744772315,321380.8089953661,320880.41946583986,320438.77969163656,320079.25895500183,319752.78491169214,319505.8827559352,319274.92234659195,319104.43260478973,318944.74818116426,318796.891697824,318679.5472165942,318568.92932224274]
testLoss: [55767.11592435837,51333.34469652176,51686.86857891083,50904.514113903046,52303.312417030334,50714.24358129501,50420.32242631912,52246.558750629425,49746.83874511719,49798.43044567108,50185.190024375916,49997.659183979034,49566.98695755005,48542.59132051468,50275.97047662735,48736.05828332901,50663.8578248024,49559.83625459671,50088.308171749115,48673.07864904404]