trainLoss: [51.020938778838186,46.80855136474085,46.41250566428003,46.131817429988445,45.96023872407906,45.831699856794316,45.706640888802326,45.60243732997107,45.49641360388891,45.38048335041332,45.27662636168177,45.175212202516995,45.05412288632324,44.940698256829485,44.81128888115583,44.66721331175371,44.52140948461299,44.354196775807125,44.16589699761291,43.99889780511864]
testLoss: [68.5676194485496,58.66452957321616,57.19533876157274,56.571345497112645,56.05490854861689,56.318379446571946,56.71075096854977,56.70833539308286,57.246817529668995,56.91882296823988,58.155189289999946,57.716004316713295,58.00093337671429,58.961761015770485,59.3997873320299,59.6837590675728,59.97447202042037,60.81882921644286,61.67526498249933,61.8640285618165]