trainLoss: [290606.5518783778,218056.76261490583]
testLoss: [62802.25120782852,74005.89089107513]