trainLoss: [420075.8024318814,366573.3183994293,350527.29913789034,341721.28690963984,334611.98187696934,328589.52003514767,323356.65217357874,318646.0850442648,314213.8594201207,310137.0366411805,306413.20915311575,302982.17609089613,299890.1983497143,297033.2682380676,294295.13075882196,291794.8523311615,289582.56249320507,287379.0074111223,285469.28338342905,283605.48099559546]
testLoss: [78881.89199924469,74476.02157211304,70976.53290843964,68114.22008609772,64717.96302366257,65471.71429347992,63732.36227798462,60330.49754476547,59404.02573490143,57872.38072395325,54008.60005569458,54500.32606935501,53465.96907567978,52633.96219205856,50791.47217130661,50339.02194404602,49991.396055698395,44459.21540927887,48882.670033454895,46497.02463340759]