trainLoss: [274937.4918397665,273230.53356027603,273211.98235434294,273209.1512654424,273209.21052217484,273203.7866933346,273168.4690451026,273154.05580854416,273129.22495406866,221393.83173793554,216820.43112814426,216317.29432213306,216039.9062243104,215775.93553203344,215610.15083652735,215390.80093044043,215265.05729973316,215195.69851613045,215027.81827908754,214918.71584540606]
testLoss: [90529.52607727051,90482.31604576111,90469.20752477646,90464.57728528976,90456.40719532967,90453.76003718376,90451.49834632874,90452.54110145569,90462.07928681374,104365.85390353203,101639.12040615082,103480.42004132271,101234.03501033783,101534.59198689461,104285.86810088158,101175.06472921371,101271.1562576294,103603.84888362885,101470.83127450943,100193.16120052338]