trainLoss: [442684.6864056587,442684.6864056587]
testLoss: [91018.5428237915,91018.5428237915]