trainLoss: [290425.2991312146,288997.6924344301,287760.38384348154,286697.02630734444,285792.40190953016,285029.3478229642,284394.01921606064,283877.5386393666,283465.7652437687,283144.43645823,282903.89118009806,282730.5503487587,282613.37993592024,282539.87223649025,282496.43377387524,282472.72385555506,282461.5790197849,282456.6471712589,282454.58642834425,282453.94438773394]
testLoss: [54658.49623045325,56252.82226395607,57815.08169913292,59334.46508151293,60813.92697197199,62253.132419109344,63634.43885535002,64959.68454647064,66211.73787456751,67390.55116432905,68467.2418821454,69441.75980305672,70287.70065325499,70982.08742266893,71554.77313619852,71996.83988314867,72286.09021055698,72484.9808459878,72627.1828673482,72725.5823058486]