trainLoss: [334897.4699126184,243678.12244138122,241031.13960066438,239686.90549641848,239121.84647205472,238504.57191321254,238311.62078997493,238367.28988170624,237431.16449856758,237176.12036633492,236939.97511196136,236478.25595104694,236450.55570194125,236258.1360589862,235921.21071898937,235975.05852481723,235901.90344566107,235053.23227500916,235097.9148592651,235041.11823186278]
testLoss: [61768.434910297394,58236.41391515732,51669.36936426163,61982.74249744415,48057.686997413635,62228.02820396423,68617.14116477966,59924.58893489838,54907.14018917084,56553.251760959625,53531.06062889099,63875.21144104004,51242.27456617355,57130.14807987213,52720.2380232811,46919.903764247894,58241.66931152344,53544.54238510132,59244.30046749115,73055.8547706604]