trainLoss: [547950.8786686063,533135.990539968,517920.2567074299,502577.10159415007,488435.81203222275,475701.51392281055,464373.3151046634,454300.54127949476,445945.9176056981,438984.6259150505,433048.9154126644,428032.33800780773,423658.6049423814,419828.4136977196,416562.4255452156,413588.36348742247,410884.64474123716,408480.5205543041,406286.5502308607,404214.7930778861]
testLoss: [72078.4294347763,70659.85661935806,69047.046043396,68884.27950811386,66776.99315547943,65884.23671197891,65605.7365436554,63454.5804772377,63490.44800519943,63168.17413043976,63363.22479200363,63233.86054992676,63257.73365545273,63633.39369010925,63258.49665927887,63783.20958709717,65745.13478088379,64875.508390426636,64517.56278896332,64023.73189353943]