trainLoss: [441693.48593473434,441693.48593473434,441693.48593473434,441693.48593473434,441693.48593473434,441693.48593473434,441693.48593473434,441693.48593473434,441693.48593473434,441693.48593473434,441693.48593473434,441693.48593473434,441693.48593473434,441693.48593473434,441693.48593473434,441693.48593473434,441693.48593473434,441693.48593473434,441693.48593473434,441693.48593473434]
testLoss: [90441.84436798096,90441.84436798096,90441.84436798096,90441.84436798096,90441.84436798096,90441.84436798096,90441.84436798096,90441.84436798096,90441.84436798096,90441.84436798096,90441.84436798096,90441.84436798096,90441.84436798096,90441.84436798096,90441.84436798096,90441.84436798096,90441.84436798096,90441.84436798096,90441.84436798096,90441.84436798096]