trainLoss: [400337.4304740429,338048.979190439,335653.8838516474,333043.4203147292,330396.7469472289,328696.03339886665,327596.6873293519,326456.24419659376,325382.0808853209,323979.8739938438,322755.65875837207,321405.14438071847,320189.2842116654,319277.7123570442,318126.7801563442,317108.9909822643,316188.240665406,315457.04458478093,314664.1106239855,314023.54452592134]
testLoss: [65202.62861657143,69413.34546887875,65617.61892461777,85975.50545859337,94051.56665635109,68662.01884508133,79584.49221682549,70326.16532588005,62165.32279634476,74985.07778763771,74599.49168205261,74880.14578795433,86382.21753144264,72053.11994814873,71609.78259015083,81851.78055429459,79296.7536008358,78032.74170589447,76603.58228349686,72996.1179804802]