trainLoss: [463699.9042403102,442058.0917762518,442009.63153737783,442004.7237303853,442009.0021455288,442012.65255850554,434753.98630332947,419522.19806706905,401640.5788408518,385384.7186127305,372512.08816218376,362284.61305606365,354202.6252786517,347413.81297171116,341882.40826427937,337355.23186188936,333786.27645236254,330942.3668708801,328608.5289812088,326777.7837447524]
testLoss: [88837.49747562408,85338.92404651642,84947.42637252808,85403.83560180664,84761.87729358673,85397.80725669861,78080.34381771088,76685.63132476807,76392.48104667664,73462.70725536346,67848.34796905518,69812.3464717865,68242.97747135162,68217.2489271164,68960.52675628662,68016.92187595367,68348.47884464264,68552.11965751648,68771.41008281708,68927.14183330536]