trainLoss: [335436.89943796396,330614.12144464254,325526.65321695805,322329.92871916294,320642.5490130186,319705.5881239176,319169.05457001925,318858.04860532284,318679.0503889322,318578.5893883109,318523.2503834367,318497.0277578831,318485.0821006894,318479.4872665405,318477.6371972561,318476.52488446236,318477.0136863589,318476.5927962661,318475.48978203535,318475.9326914549]
testLoss: [49361.85035058856,53606.144477158785,58197.292748034,61713.43624162674,64325.68705147505,66358.84236109257,67950.65860724449,69212.42119914293,70210.07371538877,70992.60702359676,71600.08519595861,72012.86186742783,72314.3281635046,72523.54600679874,72640.86312836409,72709.16155910492,72774.795540452,72805.22759711742,72826.78888082504,72822.86290973425]