trainLoss: [280352.2990796566,280321.12461704016,280320.5941786766,280320.504090786,280320.504090786,280320.504090786,280320.504090786,280320.504090786,280320.504090786,280320.504090786,280320.504090786,280320.504090786,280320.504090786,280320.504090786,280320.504090786,280320.504090786,280320.504090786,280320.504090786,280320.504090786,280320.504090786]
testLoss: [68757.10215711594,68755.36509609222,68754.65532302856,68754.65532302856,68754.65532302856,68754.65532302856,68754.65532302856,68754.65532302856,68754.65532302856,68754.65532302856,68754.65532302856,68754.65532302856,68754.65532302856,68754.65532302856,68754.65532302856,68754.65532302856,68754.65532302856,68754.65532302856,68754.65532302856,68754.65532302856]