trainLoss: [460235.5780701637,460182.7451466322,460182.05480730534,460182.09587574005,460181.8820798397,460181.4284026623,460180.73131489754,400228.67392778397,364423.4389024973,363834.63160455227,363380.67888498306,363074.9617625475,362577.7585440874,362146.2219568491,361636.66988652945,361128.35344171524,360741.98889374733,360526.3579342365,360174.2182199955,359921.27368831635]
testLoss: [77905.98959434032,77905.25058329105,77904.67884993553,77904.24354016781,77903.9137108326,77904.56058514118,77903.73415672779,95083.97085660696,84886.93191838264,84622.09363633394,90380.34690135717,84975.43123435974,90405.4485334158,86611.23438125849,87673.14895516634,84574.5194863677,86623.32417434454,86735.48929053545,85437.18180388212,86346.90918838978]