trainLoss: [917.0908881353779,834.3549757169602,820.7733326601729,814.156100801358,808.7631275979498,803.7505659625718,798.4231894100295,792.5176358093744,785.8804325303786,778.8763622367816,771.4141571293947,763.5093860532668,756.0752327014181,746.2029440399436,737.5018110790273,727.8375309097923,718.1784978802305,706.1348065450452,695.1378188411657,675.6744322191018]
testLoss: [499.6463879151778,618.7165286806496,583.9655378948559,591.4975192709403,628.7285660310225,662.1383824651891,639.0222134774382,656.5881211313334,633.5978729714046,599.1452881097794,628.9704015515067,621.4269476142797,631.510917905244,716.0666632814841,737.8978782003576,746.522414271398,818.4221951137889,810.9458538857373,927.5350258166139,804.6202009211887]