trainLoss: [321400.8518664837,318533.41319972277,316664.6622020602,314985.51930743456,313423.60007840395,311982.83794665337,310735.4399636388,309729.4753088355,308212.81442159414,306062.81950867176,303634.9320477247,300923.943154335,297979.5406370163,294882.4765614271,291720.0871706605,288529.30133366585,285386.48413950205,282299.0589392781,279413.56585377455,276598.16222959757]
testLoss: [114750.72043323517,111733.89441490173,108786.83258628845,105750.79889202118,102602.49206829071,99346.7900314331,96312.14083957672,93725.05737304688,91815.24456691742,89700.99474048615,87815.06234455109,85876.35984611511,83341.11163520813,82637.90588474274,80734.5039100647,78599.36102867126,77682.15710926056,76636.4032907486,75019.37220859528,74622.43661785126]