trainLoss: [437869.5084940791,429759.42232966423,417804.6293588877,403625.64595371485,389013.8266301751,375588.2830155492,364063.3588376641,354409.0414470434,346448.118244648,340083.80794018507,335113.39491164684,331126.5695247054,327937.69237327576,325203.9227527976,322837.7124879956,320707.1291273236,318884.82247555256,317256.40041583776,315709.0191953182,314405.93927049637]
testLoss: [83649.04883003235,82482.36791419983,81497.82357692719,76998.43400287628,75872.96479034424,75627.8060207367,74899.07152748108,75018.11296653748,74468.79290008545,73061.72497367859,72147.39193058014,75042.6465959549,72624.70359134674,72422.72737789154,72330.25736141205,70947.57389450073,73006.77901554108,72483.49029922485,68423.89965629578,71689.50161075592]