trainLoss: [309297.3129968047,257803.0002952814,254031.6092683673,251604.58665317297,249444.0743444562,247571.7458062768,245782.0454378128,244073.6912152171,242480.63635599613,240936.4923788905,239459.61165982485,238025.76472777128,236630.43311548233,235324.51329028606,234017.58722621202,232759.0405521989,231509.15941637754,230296.77231818438,229140.83856505156,227961.0141708851]
testLoss: [54040.02611461282,50723.77781608701,51628.24761274457,53625.044634491205,52548.496726214886,54262.21528071165,53636.65204808116,55812.62474921346,54411.163413107395,53641.05127853155,56747.4658203125,55525.56628847122,57141.67034882307,59473.04713052511,57873.01206576824,60595.62399536371,60040.97238111496,58345.1098356843,59682.35385334492,60575.66690224409]