trainLoss: [242.59239494916594,230.69090201532484,227.4238701901327,224.70499783674788,222.65109411942814,220.34688744452825,217.49829380696553,213.96441358155482,210.0244956211134,205.8105769470682,201.43046918670512,196.78201319806038,192.0064753139841,187.03945896831715,182.0044925618954,176.72693373463443,171.4762100902561,166.09828977212226,160.63478987192417,156.7652967482043]
testLoss: [187.30014421975702,194.10977799086868,190.87751578147473,194.81968185092722,198.8384618120534,205.25487631632197,221.8264513099216,232.69035579421018,240.0989388243148,252.2145905261089,259.90077983868076,266.46789213600465,269.5164146131479,278.4633670005583,284.7603702188883,298.110351663559,304.5321935733458,307.70202223810935,311.2735112214783,293.4821834962507]