trainLoss: [314585.5988635421,312344.95406746864,311069.4338182807,310354.931071043,310078.4988759756,310020.5012937784,310013.36518490314,310012.8870304227,310012.6375219226,310012.703774035,310012.6092156172,310012.5572770238,310012.7266481519,310012.5076081753,310012.876998961,310012.6906567812,310012.6604565382,310012.5961277485,310012.48579382896,310012.51125746965]
testLoss: [70780.79910182953,74725.47981834412,78297.97626399994,81504.6760854721,83426.90470314026,84252.81796646118,84486.91191673279,84542.31625270844,84549.11605739594,84547.98238945007,84496.84533214569,84615.49923801422,84593.964802742,84698.25143146515,84631.95705509186,84539.22613430023,84625.81649398804,84663.49587059021,84687.09864616394,84532.1255311966]