trainLoss: [255600.60101538897,211946.73635062575,208886.1802125275,208243.25493630767,207956.7282012701,207841.19837602973,207680.0276505649,207484.92659386992,207298.22269886732,206990.8916594684,206703.99785125256,206389.18373790383,205967.9293999374,205494.38646396995,205000.01404702663,204479.06256851554,203963.43667843938,203569.77771645784,203244.13643166423,202954.09596925974]
testLoss: [40570.33471983671,37717.28039455414,39051.80663013458,37288.55564010143,36771.551099419594,37918.88366878033,38161.62828069925,34981.05359783769,37822.06166002154,39147.31232902408,37946.40872260928,38800.705320864916,38730.370780050755,35484.66061002016,38608.826901614666,40537.267626702785,36942.12175294757,36267.788056105375,37596.78271880746,40590.92927360535]