trainLoss: [213612.06292027235,161015.7021766901]
testLoss: [59351.51277923584,58461.99852132797]