trainLoss: [553549.8351595998,549824.760345161,545134.3750588894,539863.2414367795,533699.0892284513,526423.0113763213,517898.3765859008,508523.1838604212,498766.5412734747,489299.10808861256,480308.76824980974,471944.94222694635,464113.15726172924,457051.2148222327,450716.7942779064,444771.17601162195,439439.19644874334,434312.926805377,429512.4042798281,424925.49669522047]
testLoss: [64925.127237319946,58791.142100811005,54031.85600423813,51636.20272064209,49833.58873677254,48733.71947455406,46972.24706840515,47287.35348391533,47335.549233675,46654.25637793541,47196.702335357666,48130.890169620514,47098.79401946068,48035.883252859116,47331.95906853676,48028.96885108948,48445.47226214409,49465.36473226547,49074.32848072052,49758.56106495857]