trainLoss: [288728.50649374723,223714.99192473292,220289.05262297392,217704.14059740305,216147.0729650259,215545.6898829639,215068.31685483456,214695.68576350808,214398.97904148698,214182.81887587905,213954.0537198186,213718.5206732452,213407.955783993,213080.02201104164,212758.07124006748,212404.23896089196,212051.16660520434,211809.22190216184,211483.6752359867,211215.916995883]
testLoss: [48069.53928232193,51254.15066385269,48087.6499710083,52900.24511861801,49003.768807411194,50430.6604654789,50545.23503065109,50856.49293756485,50499.82123184204,50041.37725353241,49893.157848358154,49084.14321899414,51126.662937641144,50419.93224191666,51244.43244600296,49985.549040555954,53108.90855073929,52861.076067209244,51747.08996343613,50772.08740520477]