trainLoss: [282906.77233713865,278071.20124578476,196383.58422505856,181923.24345332384,180694.67016524076,179666.21273684502,178931.12272840738,178329.20424491167,177949.6128653586,177530.23024511337,177306.15084683895,177083.80723145604,176912.1907388568,176819.22545656562,176701.59287440777,176539.7498112023,176565.29070398211,176429.13558003306,176378.2741062343,176363.80935540795]
testLoss: [56425.80914020538,75982.71750974655,51812.716733932495,50232.14027547836,54546.22745466232,54092.78572511673,51917.720952034,52358.15128183365,55412.92987155914,51444.3119726181,58035.03473854065,54650.70961856842,55671.90243577957,54716.69412326813,51998.95030975342,52834.28523397446,56923.99615240097,52677.548891067505,55848.67812204361,57431.640380859375]