trainLoss: [289824.7438133061,207965.69967082143,205183.57274368405,203828.784963727,202999.29024249315,202395.63299706578,201892.86844578385,201444.35911899805,201017.27419143915,200680.66198265553,200427.64036089182,200201.2594409287,200043.71921047568,199916.25222048163,199757.44156339765,199635.92529767752,199506.43171831965,199370.74845948815,199263.75205653906,199148.64733844995]
testLoss: [77053.90889286995,77066.39212012291,74968.12689137459,73495.13849782944,74198.6345922947,72142.9603664875,72101.80436587334,72927.92103672028,75278.30875897408,74334.1070189476,76824.2415201664,72827.52125477791,73271.35952782631,72836.40755176544,74041.73121643066,72932.08855032921,73171.6880056858,75950.83343267441,75030.40198302269,74190.76188540459]