trainLoss: [443990.38475281,441906.73597866297]
testLoss: [93565.41648674011,89076.21506595612]