trainLoss: [525451.587467134,481033.9175157547,455245.5174022913,434295.17918103933,416030.9217581749,400065.9460543692,386089.1051709056,373918.2366426587,363275.14140215516,354065.29134494066,346153.8744087517,339341.4739616513,333572.5449616313,328637.63846060634,324640.39239400625,321399.69742912054,318841.85941660404,316879.6013945341,315192.799210906,313862.9926584363]
testLoss: [131500.75003433228,123895.17021942139,115376.97919273376,111056.34711742401,100929.45132350922,97540.54901599884,91444.50375461578,85545.31460475922,84119.1668958664,79164.09112071991,80827.84438800812,77355.63766670227,77255.2471818924,81382.58877944946,71802.5252571106,77624.307305336,68092.48212432861,70725.92583370209,67884.46654701233,73676.9236574173]