trainLoss: [459969.49627554417,459882.0659621954]
testLoss: [68758.36335659027,68755.7169418335]