trainLoss: [1021.4034288714539,933.6731279537795,920.596055774621,913.6701363167323,908.9127713976235,905.1722964662996,901.8489482735632,898.6569091604072,895.2359860785082,891.6583198024513,887.5238076269759,883.8157648167701,878.7810091032865,873.0362112663015,865.7222616946008,858.1732076214869,849.8863595199665,840.0004235599873,829.4338391922804,813.7801702656391]
testLoss: [934.5709282281724,901.1086568791758,890.6520347920331,812.3061480500481,850.2580264167352,774.6372979261658,828.8955490675839,835.6556849349629,831.1437278801744,850.1674906058745,969.1147130738606,861.661674552614,916.2316140218214,759.2918288891966,779.8386942625045,786.545164373788,917.791405950893,896.0320430376313,883.3362528172406,892.8907477953218]