trainLoss: [441918.39775276184,441331.64394313097,441096.392572701,441020.99423855543,441002.08242338896,440998.97110164165,440998.3606438041,440998.23460567,440998.22925037146,440998.27800160646,440998.3650125861,440998.3883962035,440998.31362092495,440998.3327116966,440998.33269268274,440998.49455589056,440998.29391407967,440998.23764306307,440998.27587270737,440998.14811843634]
testLoss: [89775.96481323242,87550.86800575256,86097.80683517456,85301.29414081573,84903.7753868103,84754.89155483246,84709.9214296341,84676.3564376831,84660.41545581818,84640.15466117859,84599.04547309875,84682.89202785492,84695.62101650238,84726.24094200134,84700.92364215851,84677.0930929184,84641.04374313354,84660.52907276154,84639.4756822586,84690.19324207306]