trainLoss: [271211.5129265785,270725.594350934]
testLoss: [84895.51776504517,84865.21521568298]