trainLoss: [352187.8501240015,255615.11262243986,251208.64458727837,249821.83635306358,248749.5657196045,247859.81591242552,247159.08434671164,246470.32937288284,246076.18116354942,245803.41960275173,245653.96283501387,245386.46029353142,245197.19172728062,245086.87016022205,244743.0504718423,244600.81523507833,244424.45663404465,244203.9168264866,243964.80038166046,243794.1339994073]
testLoss: [22896.28685465455,23826.363421693444,21942.636888727546,20465.309534966946,21724.022369474173,21594.457355841994,22268.691688343883,21295.894077911973,21926.298970624804,21601.780614733696,20234.09397174418,22522.4200155437,22206.093133196235,20918.18300563097,20521.210560664535,21274.26820370555,22042.01706816256,20630.344186022878,21706.87638311088,21903.387351557612]