trainLoss: [463863.49023091793,456019.18398320675,450610.9453673959,447171.6477329731,445282.46836960316,444476.60081374645,444257.50041115284,444223.3509093523,444220.59112632275,444220.5273449421,444220.43193101883,444220.46647012234,444220.3608814478,444220.36675196886,444220.39253646135,444220.36669039726,444220.4136750698,444220.4244246483,444220.3179811835,444220.27979016304]
testLoss: [113752.21674990654,106115.51141262054,99507.8387708664,93963.19014978409,89672.84725928307,86745.89373373985,85432.96775269508,84892.24160337448,84813.73614740372,84777.18156051636,84765.71208500862,84816.88204717636,84787.17950606346,84759.22947573662,84789.19498062134,84788.70373511314,84831.30165052414,84838.15352845192,84764.12989211082,84734.6621761322]