trainLoss: [311661.52204307914,245385.06493091583]
testLoss: [51752.765380859375,46605.85016942024]