trainLoss: [444.2747369417197,422.2004149893023,416.8699037761691,412.8991096873854,410.330899837994,408.2493035832518,406.2256859866225,404.2435250892152,402.25811781728623,400.0240901124134,397.2361866922531,393.29449234585417,387.791013128626,379.93952115832417,369.4504869866715,355.69947765044924,342.46648619013064,331.4729956939051,314.8780783128488,297.4852308951561]
testLoss: [266.1228896236061,307.34753766140545,252.18149125996166,240.9564966535882,263.60898020465794,271.09199156203215,271.0260314990703,271.7584137039301,276.9135637155601,278.29764781589796,276.0824077193226,268.64073820109655,275.4578186831528,267.79894118347113,273.0164190657381,300.69279665752015,244.95061271912172,347.34203837431016,362.0752996422518,280.890167819266]