trainLoss: [309116.54954713583,308196.6531302333,307589.3900755048,306959.8564298749,305842.7649860978,303884.4013699889,300925.86779665947,309508.5263053775,308128.94324445724,307688.4239023924,307591.9415975809,307566.006501019,307563.2915343046,307569.00149291754,307557.9997166991,307566.52790653706,307565.9181178808,307560.37942171097,307565.01966905594,307568.6472784877]
testLoss: [94837.88949871063,93260.76226234436,91863.8344078064,91659.64396476746,89694.66825771332,88217.49455738068,96838.94156837463,93783.44128799438,89397.15389633179,87199.39628314972,86110.06624698639,85571.62709617615,85341.47897815704,85301.51498699188,85248.07597351074,85235.87052726746,85230.7026424408,85222.9908876419,85293.92196464539,85285.66770839691]