trainLoss: [534221.5597485304,530657.892386198,524548.452305913,515415.87575757504,506693.86833035946,498965.4140082598,492230.90109682083,486346.2889198065,481315.5939606428,476947.03953528404,473073.611577034,469584.6942232847,466240.9593914747,462755.9060456753,458012.0669338703,448417.6692777872,434580.0799572468,424758.2557452917,416806.32841956615,410021.43732476234]
testLoss: [78389.79877758026,76573.67108917236,70316.99869346619,66902.79106330872,64654.527819633484,62554.19415807724,62128.863899707794,60251.42563486099,59690.959995269775,58197.87352466583,57638.511665821075,57357.255068302155,56915.67978143692,56276.27316236496,56978.357107162476,59990.13675737381,61956.75200653076,66073.92969465256,65404.06847000122,66906.66084384918]