trainLoss: [320053.4145014286,319528.3473319411,319183.6406350136,318943.82981836796,318766.51586067677,318631.9891511202,318545.40828341246,318501.55671954155,318484.50556206703,318477.8907318711,318477.5144572854,318476.8847709298,318476.895937562,318476.3061056137,318476.0459727049,318475.32401412725,318475.1009053588,318476.78150105476,318476.3188920617,318478.217613101]
testLoss: [80996.13766038418,79484.89438951015,78241.09821259975,77151.86092221737,76103.7082207799,75090.42239922285,74248.32099109888,73645.48142182827,73267.51998412609,73054.41412442923,72949.09993976355,72874.99280238152,72840.78272426128,72866.03275048733,72842.4716835022,72834.99503308535,72829.93940347433,72853.7924464941,72839.50879538059,72836.23835396767]