trainLoss: [222.97336682518582,207.2321968253557,204.82011657701685,202.50806766458146,200.0920752483916,197.70410671098665,195.1585672486525,192.5446721225977,189.66660455120848,186.69312388656977,183.3742181032896,179.85081170495454,176.11221446089155,172.16680296609155,167.98201096967443,163.5844981528722,159.04847180123454,154.3661655731596,149.6112220708813,144.74955864544813]
testLoss: [219.68383536992533,226.1752851386224,222.0065546254958,225.88780449475013,232.52778083662832,233.89248487910916,239.4777745946761,240.13241230633952,241.90941150111536,245.9583630879079,252.5084574305242,260.5838086553158,264.1438562316279,272.9571908500887,280.7872552590986,285.9774573702966,285.7382334343849,291.72690418228024,294.34900567762315,297.06324472350457]