trainLoss: [520.8174626398927,434.140992788703,432.2595106586814,431.1651104676036,430.3391035447136,429.59965818161385,428.9377604951079,428.2587999075651,427.57758933928534,426.91586777483803]
testLoss: [674.9255809315393,618.5434124108749,640.3855567319491,631.7031880784588,623.9943412923321,618.2492621401229,615.4750292112225,615.2718075851805,614.7876303311937,606.7905906126979]