trainLoss: [460332.1079505682,459627.68248569965,459500.47981858253,459466.79013478756,459460.28372836113,459459.22003149986,459459.13188779354,459459.092001915,459459.0204117298,459459.04326605797,459459.00757694244,459458.97239995,459459.00394284725,459459.069832325,459459.072024703,459459.07218158245,459458.80384612083,459459.0925102234,459459.0320659876,459459.05674290657]
testLoss: [69732.33928412199,71217.13123595715,72091.87628906965,72538.81727159023,72720.4013645649,72781.50674188137,72830.81906670332,72825.72478979826,72822.7232979536,72858.75868010521,72842.56522601843,72826.19648247957,72857.69820803404,72859.7414303422,72879.04059892893,72870.1021181345,72776.66036880016,72839.62373375893,72794.36877703667,72811.34554481506]