trainLoss: [455674.0776811838,353497.7021507621,322366.23850792646,320815.3398782313,319870.27141442895,318946.7656995952,317935.5666435361,316807.0493632853,315774.22937375307,314721.66036966443,313698.78051513433,312862.6737729609,312278.87891066074,311680.8358466029,311283.25073829293,310872.7279410362,310549.65827664733,310205.2964037061,309823.29605460167,309504.74772787094]
testLoss: [104187.52036762238,78981.92218470573,75958.02781152725,75213.33264541626,75116.26651954651,70737.24782800674,76607.21040534973,76516.68019008636,74886.9410841465,70893.57498288155,69108.01123285294,71145.73603963852,72478.49671244621,73952.97257781029,77864.79815769196,82323.67240667343,66935.26755738258,81048.74102854729,73013.1618745327,69319.26666760445]