trainLoss: [444919.3929012418,444919.3929012418]
testLoss: [90450.16213417053,90450.16213417053]