trainLoss: [418246.1591630876,313842.9109120369,307050.9966121614,302063.2965913713,297614.00146093965,293534.7076164484,289749.36804160476,286284.85358148813,282922.3871523738,279859.1043135822,276950.3098927736,274153.0561295152,271608.0102998316,269348.01486098766,266959.70337855816,264864.28209993243,262905.9938938916,260976.6487058699,259268.24075433612,257787.58690440655]
testLoss: [65224.48388385773,73308.6282711029,72309.58509588242,76353.02883863449,66850.89963674545,59364.421236515045,62591.13720989227,61066.497654914856,64233.74402856827,58500.92853593826,62325.672755241394,59187.673657894135,59740.1138381958,58000.22228384018,57203.90914916992,52719.42324972153,53922.066492557526,58432.85294055939,53678.046714782715,60482.21814537048]