trainLoss: [456.3929276262938,425.90051029660157,420.82783661254376,417.36260540587494,415.18232803115967,411.7419654444394,408.2421958382386,405.17552727199643,403.6151565658856,402.0840185589762,400.8588604625082,399.4187480466933,398.53418760822905,398.5164368797742,395.53032992714907,394.75540005246484,392.2560386757452,390.1019537275531,387.5590479865888,384.2453683606419]
testLoss: [342.95439627291165,328.54795237459564,466.5129443476636,463.1889158686775,436.88067344190546,408.71098963110364,382.7505090784006,392.39711262187143,449.2543879111917,427.3741251670897,436.90687240793545,437.62330214615463,421.9363972834576,396.4912949443327,406.65510082059336,393.48900559904047,355.12037294476875,361.4183496037346,349.3695632678525,379.4191088416697]