trainLoss: [279726.1923982203,219663.52549022436,215874.40705049038,213008.85220080614,212232.5389330387,211196.2050934732,210836.5471174717,210523.2771910429,209982.34491860867,209784.23660254478,209631.74210774899,208864.90256410837,209215.86868280172,209037.7499884665,208834.08819794655,208364.831605196,208804.41861248016,207973.18030256033,207805.60212892294,207690.29938331246]
testLoss: [100201.33195734024,126637.62519931793,92648.68980550766,124421.1619091034,124334.007822752,108122.77267241478,92839.75133776665,103783.42069649696,95394.72676229477,111208.64001488686,102190.69342899323,102921.72129774094,97753.21430420876,90484.95063591003,113923.48525071144,103411.15336346626,114863.35871076584,107951.91582846642,107339.22472858429,111015.83271098137]