trainLoss: [342023.0085814297,312333.97614362836]
testLoss: [94694.22449445724,84508.82332849503]