trainLoss: [269930.0916119814,269104.69230401516,268442.84713310003,267914.2611749172,267501.87513899803,267188.91055452824,266958.4446050525,266794.5087763071,266684.07341080904,266614.1198359728,266572.254930079,266550.1992293596,266538.1979701519,266532.5902444124,266530.36732560396,266529.70394194126,266529.33641541004,266529.1878103018,266529.1563141346,266529.13329410553]
testLoss: [70778.37806987762,72583.27680015564,74296.96909332275,75907.44763755798,77415.9041557312,78802.40445423126,80054.40020084381,81180.70063114166,82134.32050704956,82936.37386512756,83596.31506538391,84065.66982841492,84429.85047340393,84714.89890956879,84876.74158191681,84950.33761787415,85020.7602519989,85041.35620498657,85092.20704460144,85082.75144672394]