trainLoss: [217297.7653914094,160753.18749392033]
testLoss: [43585.15295124054,49826.687838077545]