trainLoss: [578.3227712395944,442.9499634341974,439.4788912321784,436.0082547687386,433.3760881705896,431.4668311308089,426.2976480013054,422.2167351603116,420.11099739270776,418.989009144314]
testLoss: [649.6131057978615,626.8676564214736,590.5947346565291,582.7088101149544,600.5269695130859,629.600624804891,648.2239292226438,642.1910076085038,614.6287925661079,540.974925134595]