trainLoss: [441774.8306953907,441295.0786424875,440381.9638732672,438463.8465050459,434775.22376954556,428504.7099366784,419737.3074347377,409706.276489079,399141.19754862785,388945.4604976773,379000.49533843994,370051.608197093,361913.835760355,354593.40768414736,348082.9417837262,342364.7037100792,337313.1036887169,332937.86869609356,329160.3793542981,325827.2044762969]
testLoss: [85049.01245307922,83910.21357536316,82554.04942035675,80470.4577703476,78367.02835845947,76842.90453910828,75220.93572330475,73932.48844337463,73271.28678703308,72168.80214500427,70785.14818286896,69670.02162837982,69506.6533536911,69460.45194339752,67581.70588684082,67448.79625988007,66201.8441772461,65686.25335025787,66237.86155986786,65260.60718584061]