trainLoss: [271324.4097123146,214639.17042189837,201607.56633269787,198837.49814924598,196604.56584382057,194691.98144993186,193143.8055767715,191741.14257267118,190518.69063693285,189344.281055063,188308.4104745984,187295.78442934155,186375.47261062264,185466.55655932426,184662.66296967864,183893.68881493807,183102.81052571535,182442.40979397297,181810.8311186731,181172.8573834002]
testLoss: [100318.1878015995,85958.0435180664,83804.86826443672,86483.524903059,87302.16676020622,85468.13929915428,80176.86313867569,83446.51587677002,81748.20814800262,80751.4638133049,77404.36292433739,77502.26931929588,75704.39795851707,75442.91829943657,73424.8423500061,72730.58799552917,72202.21507000923,75753.45277667046,71237.93517613411,69206.40190005302]