trainLoss: [378987.4338911176,348291.1483656168,333694.3198645711,321305.61367088556,310354.3254799843,300510.9556837082,291646.56635671854,283659.9445913434,276496.1025532186,270030.7987945676,264290.8520935476,259161.9323438406,254614.5004850924,250642.36004158854,247074.9214872718,244076.47370532155,241450.64000931382,239139.13449451327,237194.23626405,235362.32791665196]
testLoss: [109961.87707042694,105638.29084396362,97154.77802944183,94766.27707672119,87910.90305328369,85185.65176868439,82962.61994457245,80253.32663440704,72967.93285083771,75658.50760746002,70057.8965883255,77111.35936927795,68244.32584095001,69827.48976325989,66852.59134292603,63178.472707271576,68615.13257980347,68069.22155380249,62012.73084259033,65939.47260475159]