trainLoss: [528803.754303813,522180.4724918604,516063.02996742725,507350.5934957266,496372.153898716,483458.4691108465,470027.9371058941,457437.03329348564,446548.90594923496,437513.89785313606,429938.7991607189,423400.56498241425,417733.88248229027,412744.8031349182,408380.86795043945,404431.3576337099,400927.8845707178,397798.93779325485,394922.8874450922,392295.09781491756]
testLoss: [78366.77043914795,76872.24799728394,75778.2598438263,74249.6165857315,72999.09777164459,72938.47110080719,72080.41331005096,70873.91036701202,69645.1779499054,68018.64405632019,67302.19173908234,65918.71140193939,65199.75006389618,63580.916003227234,62795.11679792404,61496.89109992981,61024.06117963791,60383.650884628296,60068.63550043106,59533.76520490646]