trainLoss: [273939.7330698967,270965.79664582014]
testLoss: [77386.68139410019,78516.4132373333]