trainLoss: [459732.47580361366,457475.13912951946,454575.9305411577,450368.5698055029,444375.2049512863,435359.75552642345,423678.09188354015,411639.2481726408,400762.23418295383,391491.9736555815,383533.01164519787,376578.62167942524,370354.68267834187,364902.221683383,360167.95527100563,355978.9189937115,352270.5933816433,349159.1867402792,346401.15685009956,344073.7607023716]
testLoss: [67242.81954413652,67204.50348168612,64759.44853192568,61726.90780812502,58755.78351384401,56193.88528621197,55910.12706139684,54083.89591753483,53132.71197780967,51664.665114462376,49918.00634396076,49203.739046275616,47061.5188472867,47235.22400692105,46131.09597077966,46833.24087420106,46198.546694368124,44906.06561422348,43839.921434760094,44735.082586973906]