trainLoss: [241.65676112498733,229.97230026535732,226.29314694112924,223.4195967037981,221.1187059117612,218.5277924970268,215.36403150471213,211.63641373076294,207.48376593958014,203.1650977790774,198.74521350670594,194.17779301987184,189.4712562714619,184.63297386233086,179.7784247035056,174.69247468784206,169.58625982597118,164.3408020096209,159.23063764483106,159.24918081148414]
testLoss: [347.5304541977463,317.22084763820067,295.7485921317965,300.73663731586146,321.0606195472094,357.6949686799996,394.4261660817068,436.57898852797337,474.439550785703,506.0049013516319,526.2969506927965,547.0587403115595,559.6689259941012,575.887856980706,585.2153424882704,601.5822078986854,622.9565162027857,628.8974884196479,610.1901306271089,698.0460342229109]