trainLoss: [280320.50414806604,280320.50414806604,280320.50414806604,280320.50414806604,280320.50414806604,280320.50414806604,280320.50414806604,280320.50414806604,280320.50414806604,280320.50414806604,280320.50414806604,280320.50414806604,280320.50414806604,280320.50414806604,280320.50414806604,280320.50414806604,280320.50414806604,280320.50414806604,280320.50414806604,280320.50414806604]
testLoss: [68754.65527009964,68754.65527009964,68754.65527009964,68754.65527009964,68754.65527009964,68754.65527009964,68754.65527009964,68754.65527009964,68754.65527009964,68754.65527009964,68754.65527009964,68754.65527009964,68754.65527009964,68754.65527009964,68754.65527009964,68754.65527009964,68754.65527009964,68754.65527009964,68754.65527009964,68754.65527009964]