trainLoss: [268050.07566165924,267578.7312949896,267317.7426034808,267153.07608127594,267041.0895178318,266957.6018676758,266882.6411162615,266788.9167523384,266669.12265586853,266577.96144372225,266543.1621505022,266532.47632199526,266530.19753831625,266529.7541821003,266528.7707978487,266528.7752188444,266467.18595927954,265838.9490530491,264934.5539367795,263688.14412361383]
testLoss: [95390.94878196716,93815.10031890869,92742.30710697174,91951.93057727814,91335.35246181488,90793.9230890274,90177.6463766098,89148.74715518951,87713.24268722534,86482.6847114563,85795.83427810669,85439.75085926056,85266.25852680206,85213.87443447113,85119.84886074066,85070.07563114166,84496.30890274048,82596.68587112427,79947.58030319214,77014.016664505]