trainLoss: [684.9934952061387,630.0689167963176,627.6535028424444,626.4479744445297,625.6845555696683,625.1261478625898,624.6108207481949,624.1174438582946,623.5994082862818,623.1359144177618,622.6667967925343,622.194505061794,621.7696145793306,621.3043559468246,620.7756573048573,620.2763486395909,619.6246664155133,619.1478669700366,618.4212674649833,617.9125935754067]
testLoss: [927.277086884823,958.5418206699366,973.1437351149182,977.589605964547,970.905594599455,952.2767166240617,951.1627245252562,949.6806661758659,949.4323687052657,947.3687964199587,956.7238935812614,958.7066793777915,955.5436516922227,957.0140473440636,955.5457873247391,955.7567664785093,954.942023514835,955.2585189883099,963.350990128032,959.1035936284204]