trainLoss: [276210.08348977566,206834.8709073402,204190.75173030794,203055.5738092661,202346.7653130889,201889.44453716278,201483.94604609907,201116.3427329883,200804.18061357737,200618.61713385582,200415.0576497689,200281.50901398063,200156.8277822733,200107.44819366932,200024.55461120605,199875.53720652312,199779.25636269152,199640.9726989679,199529.71184766293,199533.8071468994]
testLoss: [76256.196849823,70929.36281871796,70682.02960681915,73694.77261734009,65543.9894528389,62852.29538679123,70772.33575248718,68635.19078826904,74151.03855800629,65548.00107002258,67090.70796203613,69374.55240249634,74050.06906986237,62473.36125802994,69830.60811710358,65642.52861022949,69891.15494918823,66586.51540184021,72626.89541816711,69197.31327342987]