trainLoss: [444382.0365810394,440762.3963622451,437724.70069235563,432838.1547999382,426558.6517993808,420200.32927155495,414467.17784911394,409501.29347234964,405185.3410278559,401500.185097456,398243.5367296338,395444.8547831178,393040.1508502364,390974.41468912363,389135.1458221674,387555.7723093629,386147.17633253336,384830.7161151767,383567.0534505248,382135.5512612462]
testLoss: [97925.9494638443,96424.57663440704,96618.72800445557,97482.40439224243,98619.7555513382,100091.66917991638,100338.23020553589,100539.53276634216,100461.73057556152,100837.85367202759,100416.92762088776,100221.20652389526,100192.08308029175,100810.1285533905,100335.23954200745,100154.80566501617,100263.97171878815,99704.43543624878,99623.38134479523,97986.44995975494]