trainLoss: [472255.7281652093,398567.59337186813,389080.4594361186,381935.07968613505,376152.52992358804,370804.4227491617,365905.79609400034,361528.46655875444,357022.3253208995,353183.17588716745,349607.80216634274,345850.3670844734,342743.43754929304,339850.0898415148,337157.86279550195,334756.5234695971,332545.32402184606,330614.5069310367,328694.50910770893,326834.5674763918]
testLoss: [67856.90769100189,67969.37995648384,65478.489787101746,67605.09584474564,65733.93911969662,68081.53872179985,70234.11632537842,68736.67402148247,76881.23417425156,72806.91846585274,71983.40644598007,78233.89969992638,73323.54910564423,77899.43365383148,73170.32868742943,81178.98540782928,81928.20578551292,71971.2613170147,83401.18704414368,85850.88031506538]