trainLoss: [473099.33666437864,465568.0867289305,461363.28405302763,459618.4817838073,459212.40492516756,459163.1055883169,459159.3652819991,459159.3428032994,459159.89157015085,459159.7027859092,459159.630956769,459159.62944966555,459159.43309628963,459160.07518941164,459159.6931462288,459158.7821447253,459158.82375895977,459160.51208394766,459159.3314169049,459159.33570718765]
testLoss: [81292.69055318832,74860.2506685257,69534.98243761063,66255.78363895416,64891.79696846008,64436.79627132416,64349.29296875,64434.83835220337,64292.231541633606,64408.5709605217,64348.219561100006,64394.363651275635,64221.49005508423,64310.99689531326,64364.190017700195,64513.9730348587,64569.099720954895,64333.40288877487,64183.622205257416,64394.73709821701]