trainLoss: [991.1055480033776,924.5576556454122,912.7484247405661,906.7543745673293,902.1870332625667,898.465873613422,895.2245837007451,892.4939879827272,889.1655030678679,885.6735309384521,882.0948024432205,877.9062576667213,872.9603710342955,867.2479310973673,860.9634444113227,855.1270466287971,847.9883644848877,839.3237693998656,826.5271854227575,812.7145831532146]
testLoss: [2863.0416709217116,1327.1227145714518,1334.6486106234302,1334.6569634968205,1304.7747279215416,1201.0926720214725,1234.6210804653538,1189.209654581686,1217.5777091015175,1242.3383397573627,1241.663633539519,1296.5677909479996,1199.5420203079045,1266.5887186666407,1278.2777847260352,1315.5794919084483,1341.092501020617,1455.0572576411503,1545.2516734943315,1510.4366194283452]