trainLoss: [545314.4132444263,540743.7651703358,540235.6786446571,540227.7940927744,540227.804464817,540227.7250688672,540227.6484621763,540227.2805417776,540227.5357702374,540227.8537559509,540227.4776383638,540227.5924710631,540227.9745857716,540227.7280369997,540227.8132107854,540227.8639646173,540227.3689036369,540227.4954633713,540227.4559948444,540227.420083344]
testLoss: [92796.46283054352,85995.20530462265,84747.02454686165,84666.56487512589,84677.0949895382,84648.90957188606,84642.27184867859,84668.49342775345,84621.29441571236,84684.20362377167,84602.01261234283,84796.69877672195,84598.01437211037,84645.76618814468,84657.23205256462,84669.96289563179,84542.1278848648,84653.26589393616,84557.71835184097,84620.33558511734]