trainLoss: [47.83029779566672,46.47548650041492,45.67281991014619,44.91176925007112,43.9091872291897,42.62520600849975,41.02041006158731,39.09763878149117,36.97133533534163,34.72901944157953,32.55626050694911,30.994246036978904,30.364578101907917,29.512838513659453,28.543021427447307,27.42902742346566,26.32908037657997,25.328867138832628,24.179880968257336,23.095703515994227]
testLoss: [49.78261379717199,49.72699998158523,50.79626558305909,52.0857605678624,53.93903176224548,57.101259452292375,60.48135917822817,65.14296644110584,68.756732915715,76.17836775431783,84.42547580520707,83.42506071905395,99.16286612456513,83.43883172735251,77.3686035072329,86.57616577936247,100.69221641372883,78.16195141409167,75.71665443863046,85.97781369836373]