trainLoss: [242.0969659804276,230.04672438192367,226.76313460809843,224.27231991011755,222.19059268018177,219.93031962834087,216.8440089982237,212.83790942846025,208.35420776081085,203.73594976949693,199.03372532878603,194.14463431641033,189.16883464762142,184.01556028458052,178.76120359686442,173.36010204880577,167.94900243180138,162.41987588398797,156.89494554652487,153.68685881250246]
testLoss: [219.3002155814852,219.22218499864852,217.92872811385564,219.6304398025785,223.04556255510875,226.5824633521693,231.28772433655604,242.58215214099204,257.3749070252691,274.764129446234,286.51230749402725,295.1919615864754,312.8845905542374,322.93667906011854,329.45452506542205,341.7359289765358,339.9453588911465,344.18645424672536,331.2632016641753,429.40839644670484]