trainLoss: [532220.206184864,509504.3322696686]
testLoss: [83015.42743301392,73044.22265720367]