trainLoss: [47.79195994826739,46.41897727367216,45.71179959040605,44.983020473721034,43.98943952858328,42.723016856542095,41.125858771974194,39.16385506745689,36.95027714340027,34.64446922336707,32.36713722286399,30.416043032529597,29.3808546839323,28.70205145784932,27.558709922438872,26.61946470682511,25.59040694658706,24.764862329836838,23.842855485901982,22.879341037018982]
testLoss: [51.520011541903834,51.82093171824721,53.243872681498296,55.13295426842762,56.78850643601101,59.50254441992349,62.75312998411599,64.85192337986554,68.09411132995032,71.2763553936521,76.23090696360981,81.84241887375161,92.83444374061932,86.14917641709656,71.00578335820757,79.83872147706168,90.32273632206648,84.00606033243747,87.64666140361255,90.59858678310354]