trainLoss: [319193.9336773157,319180.9413973689,319179.0728878975,319179.25243109465,319177.8414840698,319178.97303014994,319176.3663558364,319178.84173697233,319177.7276969552,319177.95756554604,319178.85089474916,319178.80993914604,319178.4982393384,319178.23686760664,319179.05659657717,319178.605794847,319178.38288134336,319179.2721478939,319178.305734396,319178.25803625584]
testLoss: [64767.720640182495,64520.988622665405,64381.56325483322,64362.43731069565,64259.710929870605,64262.12047958374,64278.294637680054,64287.51863384247,64299.01204633713,64339.36371707916,64311.81330871582,64282.159682273865,64259.34940433502,64290.55943918228,64296.8318734169,64302.39498806,64307.68958425522,64290.64176082611,64272.1032409668,64276.07345247269]