trainLoss: [514.4595164567232,431.45919064534337,429.7153068484444,428.6546154706494,427.8263392317452,427.0631681241487,426.317869426114,425.62748437072884,424.9929549941107,424.40228185120384]
testLoss: [650.3493188844891,589.457463757729,550.2814113044833,548.3081965521565,551.9414407183805,555.7276439880292,556.6290780249543,554.9690908578438,552.1104861939048,550.4812797781989]