trainLoss: [222.87048051890983,207.21884141505933,204.85783915239222,202.51862070217632,200.20473746809304,197.78286459734238,195.232302687994,192.43572624329647,189.4631340850802,186.16696121793947,182.71654228809612,179.14878438810507,175.30361487912197,171.32916741769492,167.16915486507557,162.8154681980902,158.41996649829002,153.88727274820502,149.33795813239283,144.83846949259052]
testLoss: [306.28982215779166,302.22180587734493,325.12881342172625,313.5393921920231,307.26625869614736,310.4098577090672,327.5804282614163,346.69539313316346,363.7167287026133,374.18793627704895,387.54004501104356,393.6359914643424,407.0942432369505,438.14331886087143,464.5920313937323,484.36110272066935,497.8550405263901,507.5629462446485,503.0968636069979,509.6904104777745]