trainLoss: [320188.49692714214,314842.79497373104,310760.71074545383,310110.7258695364,310021.4381671548,310012.8738104105,310015.89757573605,310012.3938499093,310014.5030425191,310014.45689952374,310014.228553772,310014.6209973097,310015.75098240376,310015.39837908745,310014.2140675187,310015.683521688,310014.6684576869,310013.4291782975,310015.49974912405,310012.39450758696]
testLoss: [63204.96469259262,73890.19279956818,80868.16229820251,83392.09405231476,84313.14723682404,84563.4470539093,84622.00391864777,84639.12030696869,84758.29224777222,84702.26498508453,84571.41254711151,84784.94933700562,84673.93309783936,84600.31073856354,84513.51859474182,84511.01842308044,84522.62289905548,84638.8127117157,84372.95478439331,84528.25324058533]