trainLoss: [342089.77797198296,249286.70227265358,247762.5835508108,246680.5563622713,246111.62356126308,245693.21292495728,245295.8571639061,244917.14856296778,244532.0544537902,244192.9831546545,243843.34937763214,243541.61761707067,243195.29561924934,242931.2456459999,242537.29712045193,242383.05007475615,242017.08591765165,241819.75529503822,241624.19121080637,241459.66020327806]
testLoss: [20339.746056050062,21904.648757755756,20889.085311844945,22459.945172935724,21886.680572986603,24324.83872115612,20686.90764001012,19550.71096727252,22068.36258237064,20932.57532159984,21818.385050818324,22117.198846414685,21835.987035274506,22177.039300069213,22626.965889796615,23317.753447428346,20665.97318945825,21147.493869781494,21368.84358535707,21961.361852794886]