trainLoss: [308714.2153086066,308052.3024427295]
testLoss: [91061.35394668579,91042.69914245605]