trainLoss: [312930.76182949543,311179.89789515734,310149.377176404,309614.8645901084,309385.2927251458,309308.345743835,309288.4228423834,309284.5137733221,309283.9439473152,309283.7358355522,309283.67235291004,309283.7097889781,309283.78764629364,309283.7528281212,309283.64072728157,309283.5665644407,309283.61925399303,309283.7198703289,309283.6100988388,309283.35461086035]
testLoss: [72057.8275437355,75694.66489171982,78760.90372252464,81157.99979734421,82824.70335054398,83734.30937123299,84236.19890975952,84411.56334328651,84462.27931213379,84490.1879992485,84517.93522429466,84529.05250167847,84581.97785258293,84585.23010993004,84598.26076960564,84610.85294866562,84604.97923398018,84595.19291186333,84550.57768249512,84487.70338892937]