trainLoss: [456237.6311557293,450895.8759306669,440871.4775586128,424290.9285122156,405178.28533804417,389931.1795566082,378583.87773251534,369552.7693519592,362082.7117892504,355821.96594405174,350724.1115874052,346583.7016183138,343317.0842945576,340637.1137803793,338528.85121393204,336742.1347156167,335214.85260665417,333895.53778231144,332871.8533859253,331948.1446477771]
testLoss: [70460.91867685318,66678.85071593523,61881.97984832525,58601.40123397112,57396.381107747555,56641.656237602234,54387.27570730448,52626.01698562503,52018.0546540916,50167.28193420172,49048.90515431762,49419.87326079607,47782.60920628905,47049.66734188795,46267.51019510627,45469.37356981635,45854.69417792559,44924.60499536991,44750.19748497009,43467.57493638992]