trainLoss: [342151.4939094782,243519.08670049906,238214.7285118103,236912.04795712233,236392.36758190393,236086.9089678526,235669.4625581801,235370.38845351338,235045.15926751494,234728.72364383936,234469.53423643112,234188.16146236658,233936.27979278564,233701.9381968975,233444.14059141278,233203.02652850747,232954.05211886764,232792.10770863295,232509.00677636266,232282.63535311818]
testLoss: [55791.736105918884,50118.043749809265,51200.24438858032,49371.64443254471,45570.86217260361,51114.04350280762,46521.2862033844,48634.479732990265,49627.77493429184,49965.39375066757,48028.395955085754,51573.66757774353,46698.98027706146,48205.184641838074,47375.20532417297,47902.74495649338,45040.054679870605,48344.3717417717,48938.66223049164,47448.97974014282]