trainLoss: [282900.3978689313,282900.3978689313,282900.3978689313,282900.3978689313,282900.3978689313,282900.3978689313,282900.3978689313,282900.3978689313,282900.3978689313,282900.3978689313,282900.3978689313,282900.3978689313,282900.3978689313,282900.3978689313,282900.3978689313,282900.3978689313,282900.3978689313,282900.3978689313,282900.3978689313,282900.3978689313]
testLoss: [77903.50503057241,77903.50503057241,77903.50503057241,77903.50503057241,77903.50503057241,77903.50503057241,77903.50503057241,77903.50503057241,77903.50503057241,77903.50503057241,77903.50503057241,77903.50503057241,77903.50503057241,77903.50503057241,77903.50503057241,77903.50503057241,77903.50503057241,77903.50503057241,77903.50503057241,77903.50503057241]