trainLoss: [274507.6746159792,272956.73640811443,271930.9044712782,271311.92074751854,270971.47569286823,270809.9580440521,270747.8655052185,270729.61228871346,270724.7277613878,270724.1133694649,270724.0091830492,270723.9996379614,270723.8917160034,270723.9030393362,270723.95445001125,270723.9881865978,270723.8917167187,270724.0235860348,270724.0045979023,270723.98738086224]
testLoss: [70970.05743217468,74214.62512207031,77088.54145622253,79531.43988323212,81479.54423999786,82883.00309467316,83819.26644897461,84280.9977760315,84542.17059135437,84637.2372341156,84656.00589561462,84669.34130859375,84674.12034034729,84717.7483921051,84724.53861522675,84706.00160121918,84665.93091201782,84654.00214958191,84687.47797966003,84689.02812671661]