trainLoss: [566706.1240837574,563990.5078879595,562028.9202955961,560825.3781266212,559953.0036432743,559244.359734416,558498.134694457,557464.1259137392,555847.0281127691,553281.8086562157,549650.7746372223,545360.3901480436,540876.1428271532,536601.657186985,532658.3239098787,528904.4233324528,525250.1904169321,521680.3318655491,518159.72712397575,514684.7985397577]
testLoss: [88225.27808070183,85737.19641339779,84050.75488954782,82921.7215000987,82128.83587568998,81601.2799115181,81282.4836075902,81183.0083783269,81537.70026153326,82282.2781201005,83396.56992030144,84029.29820156097,84548.74068027735,85071.92158615589,85180.95194298029,85774.05308133364,85769.39193665981,85932.83510261774,85982.41508030891,86119.89376235008]