trainLoss: [558164.7178149223,558103.407369256]
testLoss: [72472.04162830114,72827.53915214539]