trainLoss: [277186.04210084677,248360.40703630447,239850.4643419981,234724.54684185982,230756.96222767234,228565.43057083338,226733.47489964962,225238.1512336731,223591.62373125553,222278.3645721674,221256.79939591885,219995.35246947408,218665.95760867,217522.4051400423,216671.1481309235,215426.12360601872,214376.8954165429,213364.39216208458,212568.91519004107,211693.1877514422]
testLoss: [112980.08337688446,128948.7293586731,133647.18169784546,130621.32719421387,132681.5039844513,121256.47251987457,127416.01671218872,122506.23435783386,120892.9909696579,106161.95429325104,111362.59518623352,118297.97028923035,117414.72349739075,106566.56918430328,111159.87901496887,116260.16352653503,118297.83405971527,107642.15540027618,108094.87223148346,114199.32261371613]