trainLoss: [286260.4200794101,284213.9263882637,282752.97600990534,281304.7753306627,279669.4702063799,277738.3462681174,274768.16956311464,270856.1128063202,266360.8663508892,261472.05858457088,256534.79981070757,251582.5148987174,246897.07056975365,242374.38039970398,238314.65601825714,234554.05704575777,231236.26983320713,228210.43616771698,225551.44866877794,223156.863391757]
testLoss: [80375.85515069962,77282.31504917145,74701.61021757126,72581.65855503082,70635.63601732254,68999.4184551239,67239.70029640198,65506.374910354614,64947.32289505005,63847.889087677,63014.25031852722,61752.3343372345,63154.662610054016,59386.06243753433,58924.867584228516,58696.10612678528,59983.3795170784,55490.54899978638,55628.953764915466,54271.95662689209]