trainLoss: [261497.09549862146,211095.59635543823,209417.84903740883,208412.18469396234,207925.65365087986,207612.84706905484,207359.2261725664,207066.06198751926,206781.2056390047,206517.4100868702,206234.19577926397,205958.8236644566,205603.34427890182,205287.56093409657,204982.5739067793,204759.7059097588,204412.75030365586,204073.35478842258,203857.95775780082,203616.67003929615]
testLoss: [47079.83134698868,46089.21633410454,47991.930424928665,46428.97610092163,48448.4080760479,47817.35480713844,47622.97610998154,47114.583434820175,46995.348638534546,46428.15584683418,46979.619503736496,48928.60546374321,46800.25204324722,44912.30369019508,47347.83263683319,48645.72817206383,48208.632175922394,46934.68763542175,49054.81609535217,47764.54754924774]