trainLoss: [234779.40877091885,203432.72859972715,200440.25004559755,198633.25797468424,197419.66040802002,195400.45372653008,194380.63964253664,192824.90792265534,192063.8337224722,190246.78765171766,189347.12153315544,188565.9602984488,187298.5927810669,186280.84860423207,185626.56300017238,184922.22081243992,183744.18967354298,182931.90237507224,182533.87650334835,181566.3944735527]
testLoss: [54962.54809999466,57462.89497089386,47567.929983615875,68032.6703748703,65296.619510650635,48063.17218589783,52512.031445503235,50956.35235404968,48343.65279388428,50310.779215335846,63158.223021030426,51052.78097105026,58065.440762043,56330.411068439484,52634.65790224075,52260.748980522156,67498.65189743042,48002.95884370804,62106.8817486763,57263.906390190125]