trainLoss: [278953.0407162905,257048.06196951866]
testLoss: [96833.09017562866,92117.25502061844]