trainLoss: [273207.42770433426,273207.42770433426,273207.42770433426,273207.42770433426,273207.42770433426,273207.42770433426,273207.42770433426,273207.42770433426,273207.42770433426,273207.42770433426,273207.42770433426,273207.42770433426,273207.42770433426,273207.42770433426,273207.42770433426,273207.42770433426,273207.42770433426,273207.42770433426,273207.42770433426,273207.42770433426]
testLoss: [90450.16213417053,90450.16213417053,90450.16213417053,90450.16213417053,90450.16213417053,90450.16213417053,90450.16213417053,90450.16213417053,90450.16213417053,90450.16213417053,90450.16213417053,90450.16213417053,90450.16213417053,90450.16213417053,90450.16213417053,90450.16213417053,90450.16213417053,90450.16213417053,90450.16213417053,90450.16213417053]