trainLoss: [294842.8151549101,289358.3397670984,286539.59927117825,284852.48720514774,283790.55919361115,283086.64659428596,282530.20441555977,281952.2935538888,281087.77756786346,279598.66774719954,277346.9435913563,274486.96874147654,271210.77471745014,267638.4460400939,263735.1080646515,259788.24172735214,255899.23652362823,252126.09452998638,248571.6737703681,245290.35692632198]
testLoss: [98123.1041406393,92112.30320376158,87842.95645004511,84659.30202531815,82295.02665674686,80596.20607727766,79298.74598914385,78321.27022969723,77458.65639203787,76347.34426057339,74686.31072109938,72857.54482924938,71453.47188657522,70304.04257500172,68893.50707441568,68006.7719618082,67099.0489565134,66067.92035603523,64909.2017775774,63812.51037526131]