trainLoss: [300657.08302140236,237715.12130111456,234994.5432291329,233428.2584619224,232647.46556913853,232252.3133596778,231908.43084827065,231588.06185421348,231247.29642683268,230956.04581946135,230601.809356153,230254.91811737418,229943.22113862634,229588.39860260487,229311.91738843918,228985.20934858918,228734.2382313013,228484.60057029128,228202.82589748502,227992.67679798603]
testLoss: [66352.65005731583,60798.66249084473,64505.57930421829,65678.79337310791,61543.405836582184,62741.80940389633,65396.589780807495,65793.09676742554,63451.46552371979,65891.64767074585,61296.007872104645,61677.2329621315,61927.08255624771,63671.14108085632,64180.28112411499,69111.84519767761,63895.572506427765,63363.34346628189,60596.88862609863,64856.471995830536]