trainLoss: [49.070826015856206,47.203226420894445,46.56252307498232,46.1222465976124,45.827821287010586,45.55796761293324,45.315680665522365,45.07373444981114,44.80286648273947,44.4628003633245,44.06296805862946,43.561494041175145,42.889251114069204,42.02580167501297,40.981813084949906,39.675795365933745,38.26737007621147,36.742368212828296,35.0962213789975,33.31166415820641]
testLoss: [61.06375775290303,61.10501884790354,57.54001133812988,55.57783801994938,55.72599319138019,54.54531533522981,52.358504690723045,51.07575176101784,49.93536505774863,48.275151951715,48.988056360662306,47.607372018060445,45.3757667686517,42.2756227721895,40.12028948130996,40.35904778812034,43.089064943235975,43.7202253762586,47.379644128392336,46.79065985281907]