trainLoss: [444513.14769369364,442154.2813141346,439469.6095547676,435276.1259816289,428634.8276589513,419807.1992595792,410092.62553817034,400547.75953781605,391569.84267634153,383321.7969251275,375879.0016682744,369213.50957870483,363405.04151827097,358185.64802104235,353520.2404900789,349349.1986063123,345612.0277354121,342132.6203865409,339044.8061546087,336183.21256810427]
testLoss: [75159.42389678955,76998.94150447845,78049.647108078,78592.14741039276,79137.52935028076,79902.77011299133,78755.52362346649,78197.18996524811,75921.42878341675,75859.20966434479,73323.1513929367,71458.67346954346,71797.91504001617,71337.08140277863,68969.13201522827,69300.2242307663,68408.97463703156,69533.41849517822,67889.16705131531,67722.58174228668]