trainLoss: [289487.53222316504,280725.5152837038,276320.022123754,274404.92694842815,273478.6847156286,272326.50032162666,271176.4968512058,269172.6180075407,266559.30914092064,263810.89823943377,260847.15517365932,257648.19115579128,254017.75191259384,250040.90656882524,245893.91850185394,241782.422721982,237860.5202472806,234422.76635420322,231234.7358572483,228220.49073815346]
testLoss: [117465.15216469765,105829.10708260536,98460.59867930412,94052.93452262878,91747.00340294838,91429.54243922234,92439.44732785225,93110.31686735153,93804.77316999435,94216.46253609657,92071.83085203171,94025.16110873222,90882.57200837135,89880.51095461845,87792.96659994125,85396.13331651688,84905.05784034729,83107.42021656036,80130.48661828041,76557.15757846832]