trainLoss: [460181.800711751,460181.800711751]
testLoss: [77903.50498437881,77903.50498437881]