trainLoss: [459215.1797938347,458676.8235476017,455988.4714688659,448767.5921151638,436186.27219730616,420785.6992367506,406581.7702586055,395064.59900152683,385968.81375056505,378020.0070671439,370828.41857874393,364031.81916308403,358002.14515411854,352668.22348243,348193.87838977575,344575.1519097686,341612.79803854227,339343.9081712961,337522.11264681816,335986.46273845434]
testLoss: [65098.92991876602,63579.538541316986,59797.206461429596,56669.29921197891,55541.67338848114,54838.114471912384,51674.2782831192,52907.83279657364,53151.71246051788,54789.37090730667,51802.79260635376,53133.64256620407,53865.7744140625,53444.839951992035,55154.18952703476,53597.65473270416,57401.33192205429,58009.83299303055,56828.01179218292,56011.041056632996]