trainLoss: [272341.2064766288,216670.90870440006]
testLoss: [59489.04762029648,59398.01066446304]