trainLoss: [49.921223341911016,47.21642427795636,47.052404585044705,46.9812873928425,46.93058272012489,46.89121338071708,46.85805673740192,46.82944832143181,46.804712448222844,46.781642188833565,46.76126463544632,46.74233770043793,46.724195685887146,46.70700206715979,46.6912485373283,46.675839755554236,46.66074486616738,46.64558182952997,46.63301276837537,46.6171773765154]
testLoss: [56.0806932266925,55.63335805283187,53.887176740587805,53.10133931267331,52.76841110879915,52.65311540619672,52.86788802914917,52.805198965481615,52.933198585670596,52.87894914111896,52.95973525119339,53.04783413336988,53.3105636897259,53.3882259720134,53.43353492800023,53.443950280808565,53.29172342150067,53.04893158204839,54.81483993573263,55.08448359927936]