trainLoss: [273702.7176427245,273216.3449456692]
testLoss: [90486.29286384583,90464.6326649189]