trainLoss: [49.65250759686929,46.80534804777158,46.644584479307014,46.57261689886495,46.521968547273374,46.47879378333881,46.44295680568083,46.41185865915071,46.3826520711035,46.355865738779336,46.33201633766665,46.3101432891453,46.29026233361345,46.27138972817247,46.25556783036126,46.24102962154929,46.22836780329407,46.21655278191015,46.204605965986325,46.19321652156406]
testLoss: [60.65435230835688,60.595762635902595,63.125648498922295,64.341046107155,64.59603529787604,64.32915355777916,64.01905513303902,63.78310183228231,63.70621268045084,63.58918554061914,63.35768234232331,63.1795021824977,62.95288938788661,62.73847308198684,62.79701713821394,62.6599152992023,62.75749082238067,62.66793308062662,62.43367126528904,62.10746230557561]