trainLoss: [442143.35983523726,339633.5605970621,334948.143024534,333015.82442718744,331259.06594890356,329630.4185144901,328786.57366499305,327748.847540468,326588.4512540996,325965.71242392063,325418.8711684942,324491.60950911045,323861.7670635581,323545.127866596,322922.3582287729,322432.8469456434,321906.16598308086,321476.39909926057,320939.07281178236,320581.6261256635]
testLoss: [62511.70288133621,57950.29639720917,63460.13585186005,66903.26380205154,64385.14565849304,60070.386330127716,56560.47659444809,58745.686703681946,52985.56654548645,52004.81918382645,65157.50252151489,53975.42611312866,51218.01713490486,56908.63114070892,67167.16009283066,54614.67964506149,51355.074590206146,57799.38417196274,63215.6352686882,56442.85403776169]