trainLoss: [309717.17225676775,249704.87013068795,241568.48961779475,239819.91271832585,238086.06164300442,236904.26379093528,235534.17430996895,233548.9544967711,231934.02325037122,231424.15452852845,230777.62965229154,230692.05098968744,230352.42539203167,229952.32317951322,229462.77232003212,229094.13682937622,228718.0407010913,228523.87017089128,228185.26565253735,227880.406907171]
testLoss: [61650.81535470486,49421.5090161562,45126.33987569809,66717.22550272942,59116.90764057636,57897.035969376564,66926.3885436058,66755.85322475433,66289.64645648003,62599.327593803406,62506.96805548668,56114.18427979946,61384.68410003185,67359.98574185371,63092.28148460388,57553.96795487404,48492.09326171875,60266.635707855225,51553.78633594513,56736.756757855415]