trainLoss: [268071.2991309166,249650.916169703,204980.092682302,198422.08490777016,193253.29372924566,189031.70049220324,185433.83700865507,182304.0352269411,179499.0268562436,177045.43346714973,174732.18440270424,172749.16471734643,170824.21537959576,169112.97383993864,167551.12782534957,166182.32569289207,164945.0981081128,163774.6109265089,162820.3607095778,161887.81946763396]
testLoss: [92498.88150978088,46842.72427082062,46508.19513511658,45659.24272298813,48510.16049337387,47578.17357254028,47761.72325468063,48169.719138622284,48843.17430925369,49941.02091217041,46793.636076927185,51782.84230470657,48058.79870271683,52535.526935100555,50427.426609516144,53164.116814136505,52271.15388965607,51203.6790394783,52510.865213871,56200.30032205582]