trainLoss: [308111.2503737211,306712.98752731085,305514.11232453585,304205.75137513876,302893.11511558294,301554.69546592236,300238.79139715433,298927.97870993614,297646.77292245626,296393.96227794886,295117.6419507265,293904.9837523699,292699.6227539182,291516.27262085676,290357.11511456966,289217.64174443483,288142.33989501,287075.8934844732,286046.43269860744,285074.6157569289]
testLoss: [80749.73273515701,79391.2098543644,78106.90054154396,76223.32172083855,74844.16620874405,73886.60361981392,72999.08772349358,72994.32196044922,70550.48827457428,71905.98053264618,71021.90630745888,70353.52851200104,69712.67128133774,70964.98722696304,67297.28078389168,69399.92790102959,69920.2385251522,67789.48000645638,66616.19940960407,66753.17110848427]