trainLoss: [558438.115124464,553729.7639422417,540806.078125596,521009.6109288931,502716.15509963036,488142.1572737694,476069.86285841465,464604.7879728079,453700.5728418231,443934.1362582445,436146.4426563382,430227.9211280346,425687.7725573778,422117.5621672869,418969.5753868818,416196.637729764,413659.5451236963,411432.4576061964,409396.8635081053,407572.0165401101]
testLoss: [79488.89974659681,78408.61526203156,77247.13087397814,76232.02364939451,75433.2295281887,73392.45438081026,70423.74557685852,66671.5806210041,63506.06269824505,62576.57957589626,58984.15368229151,57806.760460972786,57699.54241615534,58110.017902731895,58614.14940661192,58348.42030119896,56461.14286464453,57560.3040342927,57977.15594983101,58028.583412110806]