trainLoss: [462.07136374085826,425.54610676112327,421.5535350504549,419.2086956676175,417.0236770357699,415.43493290158347,413.9344959832886,412.7599998693517,411.6437465489862,410.51486992178127]
testLoss: [707.8089863409269,701.3995116554348,670.1936059017845,610.6917915375817,593.5847225129999,580.3416795912168,569.89630676204,574.8355780472818,577.3608325305364,598.1221464418418]