trainLoss: [439338.77474063635,434903.21137547493,428328.6143761277,420277.901212275,410614.2910427451,400157.9403117299,389789.51071071625,380062.9696186781,371094.89519917965,363170.8875299096,356014.9523870349,349617.16630762815,344100.6510967612,339324.79256373644,335142.9989076257,331522.84765437245,328338.2664580345,325530.1998037696,322912.02462667227,320628.9874995053]
testLoss: [79858.85579490662,80740.92825603485,81053.4348154068,79815.75659656525,78440.89486598969,76251.06097793579,75255.70100402832,74688.36151599884,72699.93288230896,71892.02635097504,72034.75948810577,71044.02934455872,70820.07894515991,69392.8793334961,70093.30604553223,69265.15539741516,69874.92039299011,69578.90826702118,70014.78872585297,69121.51958656311]