trainLoss: [321763.497572124,287843.3963044286,225239.46340805292,215594.6065325737,213875.1892951131,212563.96390900016,211550.85462468863,210781.59999743104,210169.14150977135,209638.01262268424,209247.6685114503,209005.16272878647,208832.59659716487,208659.34615376592,208488.39138260484,208329.4851938486,208248.1726293862,208110.1261434555,208077.23155587912,208032.25920507312]
testLoss: [61222.40863132477,89497.92772579193,76146.07890892029,83821.136302948,78389.59961605072,81791.24981307983,80777.14070034027,86698.7221775055,86643.5167798996,88040.09631443024,88979.07977676392,83844.54598808289,79026.88514614105,83638.47257137299,84745.41308307648,82875.89267635345,75997.47310638428,79960.0364408493,80223.98844528198,83333.57446289062]