trainLoss: [284067.57639813423,283692.4275676608]
testLoss: [81999.47034466267,80960.53726941347]