trainLoss: [236877.05832234025,194680.07077679038,189318.26253193617,185296.29948574305,182186.32725542784,179721.2744347751,177469.75074326992,175606.91002729535,173804.10880210996,172240.6377442479,170747.74963608384,169409.1500145793,168212.47317540646,167061.61576086283,166046.40473553538,165108.17498150468,164232.5712171793,163467.88106039166,162778.53643232584,162158.3696884811]
testLoss: [46753.59630918503,44117.36253499985,46511.72517824173,47220.84813261032,47571.29076242447,46430.22782897949,51403.44212150574,46493.56532764435,48583.96411895752,47974.270676612854,50262.72658920288,54075.29592132568,48771.08282661438,49536.786856651306,50323.2563958168,49275.77539777756,51487.320944309235,58172.97516536713,54357.98799562454,50158.94366788864]