trainLoss: [282860.4686063528,282478.52176100016,282453.90374803543,282454.1808215976,282457.242608428,282454.6315256953,282458.22428679466,282457.47215151787,282456.14342188835,282457.4645117521,282455.59845227003,282455.83361780643,282454.79783034325,282456.7929585576,282457.52850449085,282456.7499626875,282456.0330840945,282457.59777235985,282458.174972713,282454.6169155836]
testLoss: [74930.18160295486,73159.28058922291,72755.43501037359,72889.06507343054,72821.56807506084,72905.8989623785,72844.12338751554,72810.75154054165,72877.15359586477,72816.78113597631,72626.93771761656,72666.73456424475,72660.66302788258,73015.42149364948,72806.56025147438,72978.12360113859,72897.06190550327,72865.76233690977,72801.07696783543,72895.28286767006]