trainLoss: [308046.39138936996,308046.39138936996,308046.39138936996,308046.39138936996,308046.39138936996,308046.39138936996,308046.39138936996,308046.39138936996,308046.39138936996,308046.39138936996,308046.39138936996,308046.39138936996,308046.39138936996,308046.39138936996,308046.39138936996,308046.39138936996,308046.39138936996,308046.39138936996,308046.39138936996,308046.39138936996]
testLoss: [91018.5428237915,91018.5428237915,91018.5428237915,91018.5428237915,91018.5428237915,91018.5428237915,91018.5428237915,91018.5428237915,91018.5428237915,91018.5428237915,91018.5428237915,91018.5428237915,91018.5428237915,91018.5428237915,91018.5428237915,91018.5428237915,91018.5428237915,91018.5428237915,91018.5428237915,91018.5428237915]