trainLoss: [272093.63069456816,200260.01089456677]
testLoss: [50958.42704126239,32267.95377984643]