trainLoss: [503.45631068199015,486.559347848349,466.8144788320409,460.68103973276834,456.2597219760136,453.97629767859524,452.14765461088854,450.6217234774061,449.2191759602727,447.94170762311614,446.7648456762904,445.57195208583164,444.34369771683885,443.071076778269,441.5338377666818,439.72530445871126,437.78409798807525,435.32983624059545,432.2673069050067,428.6464782556612]
testLoss: [2423.2074747953984,936.2813457629538,786.3847616508307,725.4118891788635,692.2974618752271,663.123666288837,640.8010963165997,643.1856959947687,643.9427875840901,642.1618939646032,637.259754575641,658.915427364261,647.8138589795851,637.2154975174278,652.6435552622308,643.4770868179814,642.292803187244,626.4803342306061,628.0737216784464,633.3430758809412]