trainLoss: [238866.7205966711,193000.31383395195,187383.2451491952,185135.41330188513,183552.4017970562,181943.04444932938,180615.6221331358,179302.54008591175,178233.38685935736,176983.45129013062,175739.99833256006,174601.6891093254,173466.2505916953,172690.25374650955,171631.95662748814,170644.3384295106,169834.81697660685,168828.87263602018,168162.74551415443,167646.7583901286]
testLoss: [115389.27088356018,81884.36249732971,81427.59399604797,87226.4099149704,74026.48555755615,69096.30996131897,72442.87435722351,65001.465215206146,61030.64532661438,79457.3330039978,64999.145961761475,63262.31412792206,73144.94703769684,65009.29388332367,62733.67024898529,57655.07977771759,57736.72363805771,66968.57683086395,78398.53021907806,51878.688594818115]