trainLoss: [305186.9431182742,249862.46313118935]
testLoss: [43046.97607573867,38302.88132023811]