trainLoss: [310275.45041161776,215581.7397749722]
testLoss: [59190.44740104675,65163.22533226013]