trainLoss: [459362.93201088905,459226.714692235,459173.7424983382,459161.2804559469,459159.50961095095,459159.34574502707,459158.23356467485,459160.1175069809,459159.3022118807,459159.2695835233,459158.74534231424,459159.42098009586,459158.58207911253,459158.7285217643,459159.23781877756,459159.64959961176,459159.01860922575,459159.6201209426,459160.04264706373,459158.92189365625]
testLoss: [66116.9844880104,65231.36934185028,64699.04232645035,64464.424611091614,64378.525344371796,64381.769558906555,64345.32642173767,64379.15481853485,64335.78094339371,64342.58782339096,64328.61980962753,64317.52275753021,64348.757462501526,64364.158376693726,64335.261743068695,64339.740446567535,64333.7989192009,64355.00891828537,64346.08157777786,64338.97985458374]