trainLoss: [438126.34734785557,342988.779540658,341371.7661845088,340314.91987866163,339505.7402769327,338676.8953523636,338082.01444649696,337476.60257560015,337049.6941896081,336719.0925896764,336419.5286953449,336220.3822834492,336029.41241812706,335842.9042568803,335746.8332160115,335609.5672214031,335484.76390850544,335396.9670087695,335289.6059447527,335221.32896256447]
testLoss: [37150.78917181492,38825.304119974375,40040.20982646942,39459.69336542487,39738.17651605606,38600.50668364763,37373.06368044019,37077.79973125458,41030.81389540434,37571.19876328111,37993.46152922511,37444.07112017274,37706.82906657457,37075.380616277456,36294.71271944046,39348.68449294567,38901.929535865784,38233.215212255716,39904.91012647748,41393.165301680565]