trainLoss: [266677.8116604686,266561.8847682476,266536.6151085496,266530.77789384127,266529.63206255436,266529.42021363974,266529.2612912059,266529.34604269266,266529.4906821847,266529.37994772196,266529.3310715556,266529.39000064135,266529.2567617297,266529.26462215185,266529.3352638483,266529.31603717804,266529.27189821005,266529.2694554925,266529.30739313364,266529.2653070688]
testLoss: [87360.76663589478,86155.78101062775,85575.17632770538,85347.88636398315,85239.26558971405,85164.38157081604,85171.45181083679,85121.40033531189,85127.96888637543,85029.18204116821,85076.21818256378,85141.38904857635,85095.40635204315,85086.11273574829,85106.77146911621,85133.44757556915,85134.26240539551,85059.99121665955,85095.87724018097,85109.80546092987]