trainLoss: [247361.85179781914,215873.91613286734,211065.65904545784,207264.43900448084,203853.60359740257,200696.60795632005,197734.60979622602,194961.68097001314,192344.32028225064,189853.18204891682,187577.00305339694,185368.9615265429,183315.93061947823,181414.07806426287,179608.0254688263,177881.22680941224,176363.51448836923,174961.77728289366,173592.92989125848,172424.61412796378]
testLoss: [26048.91131325066,28311.231125235558,30128.02862033248,31722.11410304904,33707.41899442673,33505.866833239794,33227.16718792915,34235.18181017041,35713.114813923836,36396.27670907974,36045.22658881545,38964.35416069627,36662.583506166935,39763.55189242959,40966.25756675005,42278.917617976665,42485.12043380737,43186.67883580923,43759.12368482351,42540.42921668291]