trainLoss: [306149.7048791051,236888.94422861934,235523.74890887737,234916.2783138454,234464.3390841484,234174.98791769147,233979.084215343,233854.05038803816,233740.41879552603,233637.940949589,233557.029158175,233474.49023538828,233419.6490058601,233369.58733054996,233301.67903226614,233293.2072444558,233186.37679725885,233155.11892801523,233112.83324447274,233089.0402572751]
testLoss: [57198.03096866608,59583.72357559204,59414.183874607086,56641.216801166534,53280.606832027435,54909.58460330963,59451.664078235626,56702.319522857666,57613.81601190567,57011.5771522522,58244.82895088196,56049.12572097778,58575.98112154007,57591.651597976685,58501.11053943634,55772.391705513,56198.48446369171,55834.41236257553,56516.63643074036,57838.976440906525]