trainLoss: [540026.8767194748,537369.369358182,534845.917882204,531212.4746212363,524878.5706871152,513562.79138082266,500500.75468188524,489028.72581094503,479133.66725462675,470579.04544711113,463126.96899807453,456526.92545592785,450335.1219314337,444898.23394942284,439634.7733697295,434574.61087179184,430173.01232749224,425777.1076455116,422006.82018858194,418584.4903652072]
testLoss: [84405.08916711807,81566.2983417511,80461.58604121208,79888.27606606483,78402.52130198479,76208.91642165184,74743.37989544868,72671.88361263275,72735.43810987473,72215.7397942543,70242.13753676414,70660.50930070877,72217.99874782562,70776.41551494598,72693.58511829376,70148.59591698647,72769.59891867638,72526.65098643303,75057.51704335213,71778.31123232841]