trainLoss: [542992.1739219427,539200.8201643229,537636.6333796978,536814.5093730688,536315.2144762278,535976.2762209177,535713.8674861193,535473.1397349834,535215.2573581934,535011.8058917522,534940.2841982841,534928.905190587,534927.830979228,534927.8767694235,534927.8049454689,534928.4815875292,534927.5633457899,534928.2923276424,534928.0713435411,534928.3533719778]
testLoss: [100757.7603559494,97027.9929599762,94802.56391620636,93311.23501873016,92187.59470653534,91265.43384933472,90381.12463760376,89293.13973140717,87759.2269077301,86307.45103931427,85543.72171974182,85302.20833492279,85290.41433238983,85244.71684932709,85210.51721382141,85238.39416790009,85215.66723251343,85250.95582103729,85200.09488105774,85217.38193511963]