trainLoss: [319753.4733142853,316910.335911572,315269.0091294646,313833.16799271107,312564.48297172785,311486.11661696434,310581.3593349457,309857.39016497135,309239.3107830286,308750.2063705325,308392.8411128521,308104.7536941767,307900.4894414544,307773.96229732037,307678.35439282656,307629.4551963806,307599.7075059414,307576.4516803026,307568.79470837116,307564.45255726576]
testLoss: [114596.57014083862,111662.30390453339,108918.14402675629,106309.77245426178,103804.89786815643,101450.79421234131,99256.75703334808,97268.76881980896,95348.15356349945,93612.39837646484,92106.35980510712,90670.77021312714,89448.28745269775,88485.90268993378,87605.63111400604,87015.18399333954,86543.15818405151,86073.81613731384,85861.86685752869,85701.81837940216]