trainLoss: [549554.9354912043,541587.5639680624,537295.1372635365,535472.0010694265,534995.4499055147,534932.5057420731,534928.3442980051,534928.0047668219,534928.1147403717,534928.1682446003,534928.178812027,534928.04080832,534928.1594859362,534928.0820207596,534927.9997791052,534928.0343199968,534928.1967532635,534927.8475958109,534927.9271746874,534928.0043578148]
testLoss: [67697.68128013611,73748.70899295807,78976.97541332245,82785.74487495422,84554.87517166138,85126.63382148743,85296.09519672394,85336.24747276306,85331.89408779144,85265.87077236176,85267.34694671631,85247.8174200058,85242.83064079285,85301.51337051392,85264.83478832245,85279.41498851776,85263.40719795227,85375.31581115723,85388.96024513245,85379.83568286896]