trainLoss: [307087.5040782094,306226.5386723876,305495.3321323991,304608.59499692917,303416.1655111313,301820.08617961407,299890.55573260784,297737.2611078024,295553.47752702236,293384.078684628,291269.9419353008,289274.281288147,287425.08527225256,285600.3325315118,283747.8209683299,281909.1099162102,280165.4723754823,278423.84720504284,276805.5820790827,275249.4056509137]
testLoss: [82937.06003189087,82604.73692703247,81570.86853790283,79984.89266490936,78258.02830028534,76292.62069988251,74347.83207130432,72909.21097660065,71527.86559867859,70908.16229057312,69766.19843864441,68342.1708574295,67804.79498767853,67880.42166900635,67071.51420974731,65542.05571174622,64606.83584308624,64632.78504943848,64634.501180648804,63613.149540901184]