trainLoss: [545121.51853019,539190.5498419404,537151.0548917651,536638.6344672441,536520.12907511,536504.6682606936,536507.4307572246,536507.9445416331,536505.9118321538,536509.1586193442,536505.8883465528,536503.7139620185,536503.4601196051,536507.5472100377,536502.1773064137,536502.9337748885,536509.8964645267,536509.3896781206,536505.3486436009,536505.6415097117]
testLoss: [99044.16260623932,91547.1638212204,88046.52997303009,85899.3418970108,85018.751704216,84761.63177871704,84704.02561473846,84597.30975818634,84770.17840862274,84607.38071250916,84787.22795009613,84850.92455673218,84796.8096075058,84771.27283191681,84722.6869802475,84847.22269153595,84767.91425991058,84598.24609279633,84737.57335662842,84848.67639636993]