trainLoss: [442881.94857275486,439871.31133031845,436604.79479187727,432856.9281784296,428809.5228073597,424556.45022273064,420123.78775161505,415462.8759368658,410290.560716629,404634.0787498355,398868.9538754225,393151.288423717,387560.5240328312,382101.6060861945,376954.8129118681,371762.07559245825,366893.0377957225,362089.620878458,357612.5342659354,353251.3382746577]
testLoss: [97546.04001045227,97178.35260677338,96583.55825614929,97192.89831352234,97471.03749847412,97436.77906799316,96999.34082221985,96709.14515018463,95119.0214138031,93294.01772975922,93135.61787033081,92697.46674156189,90276.76149654388,88837.22858333588,87645.84607696533,86080.2168674469,84587.37316036224,82767.5528049469,82284.70160961151,80278.0690984726]