trainLoss: [267240.3238148689,266957.84546905756,266953.1586313844,266951.61185079813,266951.08124166727,266951.08124166727,266951.08124166727,266951.08124166727,266951.08124166727,266951.08124166727,266951.08124166727,266951.08124166727,266951.08124166727,266951.08124166727,266951.08124166727,266951.08124166727,266951.08124166727,266951.08124166727,266951.08124166727,266951.08124166727]
testLoss: [91047.17276668549,91028.59077453613,91023.12672328949,91018.5428237915,91018.5428237915,91018.5428237915,91018.5428237915,91018.5428237915,91018.5428237915,91018.5428237915,91018.5428237915,91018.5428237915,91018.5428237915,91018.5428237915,91018.5428237915,91018.5428237915,91018.5428237915,91018.5428237915,91018.5428237915,91018.5428237915]