trainLoss: [454962.38114762306,447603.19393509626]
testLoss: [63286.766800403595,60590.41676568985]