trainLoss: [541072.7700921893,541072.7700921893]
testLoss: [90450.16213417053,90450.16213417053]