trainLoss: [274802.79225069284,273373.95898115635,272580.91714429855,271912.57631254196,270830.16589075327,268941.12871700525,266258.4452959895,263046.0614634156,259550.35034918785,255955.64336705208,252245.5095512271,248367.3005810976,244325.08674168587,240263.07066631317,236337.9522946477,232583.7055476308,229128.38188046217,225815.1065607667,222809.23504543304,219880.08219337463]
testLoss: [76053.24760723114,79420.07189774513,81427.04929876328,82054.54035043716,81745.54327011108,81288.86646294594,80703.97447013855,79860.30393218994,78848.94351530075,77341.78546953201,76011.0892264843,74266.10230398178,73318.82757234573,71737.5721218586,69499.01849603653,69641.17206597328,68448.25507450104,66296.54434370995,67752.10330486298,67469.74666976929]