trainLoss: [377479.6352929771,264739.9109522104,249023.55358392,246274.42556971312,245414.056627661,244949.7229781747,244615.73670306802,244283.64563941956,243917.0165721178,243651.82103845477,243489.97678244114,243374.60794085264,243265.8786535263,243179.7840642929,243094.89755895734,243006.04005169868,242923.9438199401,242842.6910098791,242774.79460343719,242695.419036448]
testLoss: [72109.06385660172,59541.03906059265,53864.62284612656,52713.55344104767,51614.70581197739,50766.42952442169,51741.43355178833,50275.21260714531,50543.790764570236,49593.48309803009,50546.8993935585,50109.02734994888,49257.50373792648,49893.461520671844,49161.97670221329,48624.60612106323,48736.022893190384,48924.25923347473,49005.67073917389,49818.43933343887]