trainLoss: [472.66127186899905,432.48715077234726,425.4858658126702,421.4266217069014,418.857519094097,416.86601907591285,415.06004301591923,413.68113521910027,412.4026993478207,411.21417262001256]
testLoss: [707.9980727875327,660.5794575951231,651.5766166289021,623.5353568862743,657.2564496618556,708.7006659057197,707.4237073500325,695.2471814568587,693.471311095662,689.2087803079387]