trainLoss: [461000.0286152363,452800.15219163895,447547.2740405202,444989.97219252586,444299.6800558567,444225.623360157,444225.104213953,444223.80076795816,444220.037448287,444223.58586370945,444223.78667992353,444223.4887034893,444222.1444775462,444222.9767565727,444223.5562465191,444223.957593441,444221.8739334345,444222.2676498294,444221.6730361581,444222.5250812769]
testLoss: [110685.46081757545,101593.29011273384,93617.52205014229,87949.88810992241,85332.06007480621,84819.14315962791,84716.44445705414,84784.66315317154,84743.96825098991,84762.44012856483,84675.42218661308,84830.4464211464,84642.29343748093,84544.45575666428,84860.09924006462,84551.93687844276,84733.39788389206,84543.492634058,84589.08601522446,84652.12104797363]