trainLoss: [559085.2000100017,554326.6152600646,553290.3169517517,551984.5640522242,549619.3738357425,545949.0565341115,538873.7526243329,524697.1770800948,504009.2907471061,484573.795984745,468986.5600885153,456627.5390405059,447220.47988301516,439837.4791252613,433885.3206267953,429101.3453987241,425181.41209596395,422191.2445394397,419689.84250950813,417811.0868356824]
testLoss: [67428.88052558899,64558.770021915436,63497.89460849762,63513.72611904144,61199.38440036774,58892.920647621155,58169.059198856354,61605.61470031738,59894.434111595154,61046.40986442566,59698.44671201706,59944.245114803314,60573.7614364624,64237.103326797485,65695.08968544006,63660.99317789078,64367.99414348602,64449.77131652832,65922.5822019577,66149.08251714706]