trainLoss: [274327.3255767226,273338.36345911026,272976.8574051857,272843.21816045046,272797.6153742671,272782.4694209099,270871.1002628803,267688.2450186014,264859.99195957184,262056.73982286453,259332.8148277402,256877.7736298442,254650.48818308115,252572.78446525335,250531.51528918743,248158.8007454872,245471.8739514351,242402.83718574047,239288.19395893812,236206.17356920242]
testLoss: [76915.62118268013,79942.90821385384,81875.63484191895,83064.9382314682,83780.043145895,84213.22831320763,75571.12844634056,71905.09692764282,69007.47710180283,66395.82174420357,65007.567178845406,64091.89061367512,63828.224420547485,63500.572305083275,62438.45840072632,60602.36059010029,59938.32864975929,60356.17312955856,61771.230986356735,59812.75512969494]