trainLoss: [214195.50292280316,167081.35202470422,165018.39417940378,164330.56103006005,163865.06968149543,163451.44070604444,163062.4815082252,162728.52693855762,162441.27078911662,162109.79265725613,161827.36009582877,161505.03781157732,161130.04957154393,160758.181260854,160421.260550797,160030.31662276387,159653.63592097163,159309.35182490945,159037.44678524137,158668.9773517549]
testLoss: [37525.66497206688,37415.61150383949,37088.52291226387,42076.994626522064,36448.750975847244,36560.141394138336,39863.95638871193,38597.75419712067,38543.63715147972,37914.90947532654,36668.51267194748,39184.384957790375,36904.16739845276,40283.97419047356,37058.48163700104,36370.03297138214,40519.97177219391,39560.70630431175,36088.46445941925,38446.0618288517]