trainLoss: [981.9563697737995,922.9405074084406,913.3350011360877,907.889997801864,903.1924878610437,898.4705182924304,893.8265323373665,889.7792427173185,885.2131462883362,880.7929993858315,875.5411028065223,869.0764931002365,861.6292389481748,853.7869528240833,845.031229403557,835.0788338929585,825.6804207704731,816.120833684591,804.8575694539156,792.7999645072501]
testLoss: [923.0706713363236,1208.114562397377,1020.6316562390795,1055.0498488669302,1093.9611945414076,1076.0492833492804,1129.566309891495,1240.726523214228,1210.419474147348,1286.3843099182727,1298.172098122391,1340.1882278722876,1277.4768283713097,1373.8862037546494,1401.9159893484677,1429.9332856122185,1466.4090978959027,1547.9549090740727,1642.8862077152028,1605.6249273150574]