trainLoss: [469294.9288108945,466425.5694952011,464507.87640857697,463053.3665304184,462014.0378237963,461311.0311471224,460834.46861058474,460504.4259298444,460271.368663013,460102.99024760723,459977.1669265628,459877.85463130474,459788.11877703667,459684.5956904888,459544.49212634563,459380.64889484644,459250.35580569506,459186.4247266054,459165.9491478801,459160.7198153734]
testLoss: [80352.23383188248,77900.69626426697,75831.21337413788,74048.09261274338,72649.87684392929,71575.34224557877,70746.62653446198,70106.45558071136,69608.2019124031,69210.28709936142,68885.72503471375,68599.14733409882,68291.5640039444,67854.47841262817,67173.31539916992,66288.40648460388,65451.178060531616,64929.454973220825,64615.41339635849,64457.88076877594]