trainLoss: [415790.1663092375,364657.3749844432]
testLoss: [85359.81295108795,73624.13180923462]