trainLoss: [272285.4232355356,270636.0135565996,269289.2662125826,267562.27717506886,264714.8560396433,260685.5443621874,255862.58315837383,250887.21314287186,246124.48524916172,241728.83607292175,237692.12498366833,234009.89304983616,230807.54918837547,227728.9011745453,225056.60331356525,222519.24080479145,220214.95216977596,218010.40902996063,215955.74099504948,214020.78250682354]
testLoss: [93047.77298736572,87692.1285943985,83383.64325237274,80528.53562545776,78562.53472709656,76174.92370033264,74044.23230075836,72004.12879371643,70366.23171424866,68197.4012374878,66696.10570430756,65806.28635787964,63803.65538787842,62759.77528095245,61871.20487785339,61705.151144981384,62069.128677368164,60774.568212509155,61345.28513145447,61777.69604349136]