trainLoss: [319407.3831834793,319221.3280827999,319184.29017686844,319179.0000638366,319178.0719408989,319178.02901494503,319177.93805873394,319177.87469792366,319177.890453279,319177.9189501405,319178.0150872469,319177.9209227562,319177.6671575308,319178.04250097275,319177.8043926954,319177.89075678587,319177.76591330767,319177.8603695631,319177.79334259033,319177.84057962894]
testLoss: [66179.8953461647,65005.56060028076,64554.89112615585,64424.68922662735,64368.23069858551,64287.66498851776,64291.845448970795,64294.287096977234,64298.892745018005,64302.18540382385,64278.281458854675,64288.79143047333,64337.29319524765,64261.0595741272,64249.26821517944,64251.95703983307,64295.839035987854,64282.078068733215,64258.760818481445,64209.62282705307]