trainLoss: [558552.9924818277,554206.5749940872,543746.6511435509,531467.0437293053,514752.6501157284,495988.3338499069,479696.83075273037,467712.0265482664,458221.87521386147,450015.4662281275,443039.7218108177,437157.6450536251,431995.40038108826,428526.25750768185,425887.6941117048,423855.46746873856,421953.89435112476,420483.59757196903,419499.8248447776,418487.6266275048]
testLoss: [73358.59816598892,69182.53549575806,66052.67934292555,63875.232669591904,61396.00679957867,60998.6349440217,59981.01177436113,56128.34385216236,58848.523451805115,57392.91696500778,60729.796873271465,56333.25564610958,57883.40052205324,57088.383708298206,59199.948158204556,58293.91580963135,58289.79763221741,58707.92817264795,59927.269984960556,57413.8551710248]