trainLoss: [257577.5815437436,225303.23818397522]
testLoss: [62711.88995361328,61902.15770435333]