trainLoss: [537384.0480328202,537344.8632650971,490801.06020605564,431457.03908476233,429394.3079775572,427800.0031464696,427004.0231653452,426355.4394405782,426076.35201597214,425713.6264398098,425391.79381382465,425232.64991396666,424905.5612846613,424757.43916755915,424510.4718208611,424241.7820622325,424042.7999511957,423859.11541861296,423700.2868937254,423442.09704589844]
testLoss: [90443.31637859344,90441.87464809418,109310.22495555878,118501.42011833191,111962.0702753067,115081.91675853729,109984.85855293274,115700.40210342407,111273.79378890991,111194.87381362915,112724.5576095581,112166.14911651611,110690.70042037964,109514.80805110931,109064.22809791565,109775.45770835876,107582.12574672699,111611.84038639069,108115.77624797821,115338.71966648102]