trainLoss: [212400.59501335025,165017.7489373088]
testLoss: [56483.614884734154,57909.30219089985]