trainLoss: [292218.2628599405,289141.6736959815,287251.4201607704,286025.50867289305,285192.56297433376,284601.3379032016,284165.66848260164,283836.69632697105,283581.725744009,283380.4782471061,283218.25018918514,283085.2332713604,282974.0684762597,282878.31470382214,282794.37225914,282718.36614334583,282648.3276925087,282585.85436308384,282532.684915781,282494.7792060375]
testLoss: [96006.07270902395,91955.64768445492,89004.13400292397,86769.99079960585,85026.47461938858,83613.18691730499,82436.75892084837,81449.58236974478,80602.2834534049,79851.06190139055,79197.2043479085,78593.8998555541,78040.1876577735,77505.7488771081,76977.04548054934,76431.5328475833,75841.74503457546,75222.02780741453,74599.89620047808,74032.24947482347]