trainLoss: [501.11284767443794,466.97184880856105,460.0422500795637,456.58967927016533,454.2517357693059,451.2630705180509,449.2469658140455,446.930645783765,443.32889734155793,437.96752160242625,430.5083464648042,421.7212385325772,411.77862471570285,393.6435065476894,383.11986395161495,364.091286249876,347.2946542273249,330.63248245310785,309.898470079422,283.1496168054172]
testLoss: [563.8069401834525,603.3378639595181,662.746022310444,604.1172801298254,518.4335231182622,438.48270155214794,563.7776459189022,482.2309517355526,491.7491102256027,500.10230685963353,512.2434926874497,520.5937675027286,563.9096243914436,572.4249814575794,829.1291171728396,887.2470554875392,990.9915915171306,726.9818242465749,781.665292822146,1025.1766667085535]