trainLoss: [565680.2973126173,501031.2910929918,487409.03618478775,476153.46686434746,465906.15929710865,456340.4439803362,447163.70103394985,438451.17712438107,430027.5783121586,421867.46032238007,413859.3161684871,406086.9641485214,398698.43219959736,391978.33787715435,385858.1268059015,380294.64483726025,375136.81781828403,370454.90643692017,366087.8444277644,362031.34744107723]
testLoss: [27678.866116791964,25647.298509076238,26074.373558714986,27344.18524992466,26605.256840124726,27719.885413125157,30399.17225393653,29137.478971004486,29179.713066726923,30130.072603344917,30322.352197140455,30816.449377804995,31440.651768118143,31929.07567036152,31833.711028426886,32498.485264480114,34328.12027436495,36884.08817139268,34139.06663110852,32856.89686343074]