trainLoss: [241.83717248852588,229.7848453744667,226.72201770980666,224.174309046201,222.1991461251142,220.1020818985792,217.46642750911786,214.18628111293128,210.36181594257746,206.1519421472666,201.72995464981727,197.16132963011322,192.31433133349302,187.46304796250757,182.53331602860106,177.45727228602348,172.2837605386741,167.03560702481226,162.1323202202111,161.96058063319865]
testLoss: [239.06586523645933,245.1744749865581,245.0631028782461,251.77239711260057,255.62730941452932,266.77289256238447,294.46177812458313,334.3372603986681,360.3545187601109,368.8262323915344,378.4489220958395,393.80081209693986,403.7222795584767,420.1147069046178,434.2823829749196,442.8311806007759,445.13392768815623,444.9528314047253,480.50493865897977,453.12092178261156]