trainLoss: [267742.13099879026,208336.80458584428,206166.66090646386,204945.73844841123,204250.64671856165,203715.89338451624,203317.6878424585,203000.7031417191,202734.4605512321,202556.08689144254,202360.78138011694,202248.21558496356,202080.99411669374,202006.12917536497,201837.50052648783,201751.58052146435,201653.41973611712,201552.86121061444,201406.27036333084,201318.1681125164]
testLoss: [66128.05502128601,60982.954067230225,62882.01293182373,60370.19512605667,62088.649387836456,60847.84673786163,61334.72989177704,61870.77733898163,61394.996388435364,60551.248448848724,62957.70079612732,58483.22807216644,65189.07387161255,60979.984206199646,63536.13620471954,69515.0441493988,62592.258830070496,63501.18646621704,60098.052312374115,61766.95377254486]