trainLoss: [441020.3940742612,441000.69406425953,440998.78459364176,440998.92191028595,440997.60196757317,440998.7018738389,440997.4997779131,440999.03358882666,440997.8767936826,440999.04610037804,440999.1429422498,440997.6898009181,440997.7653135061,440997.94139647484,440999.0867257118,440998.20269727707,440998.734379828,440998.91044831276,440999.14218747616,440999.21317362785]
testLoss: [85229.34725856781,84829.64178562164,84761.46691036224,84673.2789926529,84554.93270778656,84685.55245780945,84746.62412643433,84703.82467746735,84689.51972198486,84662.94985580444,84705.6557893753,84591.63929653168,84658.43803024292,84628.85691165924,84614.82715320587,84644.01942253113,84694.76776123047,84688.32696056366,84702.56755828857,84614.72746181488]