trainLoss: [267021.7566848397,266736.2497293949,266607.71600842476,266556.7193464041,266537.96662694216,266531.6935554147,266529.86797738075,266529.4184421897,266529.1095100045,266529.29200935364,266529.14119523764,266529.3072822094,266529.29285889864,266529.3707162738,266528.7464981675,266529.4870468378,266529.20843559504,266529.37252140045,266529.29948812723,266529.16101545095]
testLoss: [80254.23550701141,81998.03504276276,83222.37149906158,84011.84930801392,84510.30230998993,84789.79178142548,84933.1066274643,85024.15503692627,85048.57596492767,85072.81519317627,85070.24814891815,85075.904671669,85154.32694625854,85105.33838653564,85046.87635707855,85089.67713546753,85121.82678508759,85148.59657287598,85075.4872636795,85094.63150691986]