trainLoss: [553699.9453272223,538473.8962661624,524423.3988469243,519327.10931813717,514207.87808412313,508289.98123419285,501600.75467687845,494748.6185415983,487915.6171939969,481134.571649611,474495.17431402206,468009.6819383502,461854.12169086933,455839.16281831264,449966.4842594266,444297.94762575626,438859.37510055304,433650.35939490795,428669.87518548965,424053.0090664625]
testLoss: [64984.51846694946,75853.83279514313,78011.03383636475,77443.62266731262,76749.4777507782,76450.45329761505,76370.81471824646,77131.64836025238,76405.79163646698,75939.66725730896,75401.26674938202,74678.94297409058,73657.64096927643,72743.42666339874,72315.7744436264,71134.50164699554,70159.97648525238,70320.70351314545,69538.16056537628,69900.13712882996]