trainLoss: [296905.9464927912,249541.40986943245,244885.89670687914,241161.78802147508,237760.89300224185,234531.20215293765,231812.36095643044,229412.59656342864,227349.49694770575,225532.23337626457,224332.8658797145,223319.579230994,221979.54426968098,221086.61064779758,220444.29997113347,219562.0196863711,218951.0282482803,218341.17630654573,217802.8857331872,217014.67116349936]
testLoss: [39700.36087036133,52224.70583343506,42125.32296180725,38489.51955866814,48375.72183036804,37941.17851281166,47100.38234639168,42260.93884181976,45165.93880414963,46721.396555900574,33737.16989183426,47108.390312194824,38889.94480228424,39813.021612882614,54523.814725875854,41330.24265050888,44788.51328778267,41219.48761796951,47098.059524297714,45917.05712032318]