trainLoss: [316339.9721887708,314901.37797635794,313721.3363621235,312758.2661615014,311986.8733366728,311385.1752100587,310929.7117912173,310593.2892727256,310357.7543724179,310203.4247716665,310108.8754734993,310056.85020029545,310030.74488687515,310018.9497001171,310014.4820687771,310012.9144245386,310012.6316165924,310012.47117841244,310012.45737856627,310012.3496013284]
testLoss: [105435.01465034485,102648.28930091858,100074.01232624054,97695.21422481537,95512.62041187286,93525.04885959625,91750.96550559998,90155.9727859497,88773.95098495483,87615.37082195282,86660.46935558319,85941.91819095612,85415.44011974335,85050.48805141449,84851.95992279053,84703.21816062927,84648.52667331696,84608.72819137573,84590.345703125,84584.91570091248]