trainLoss: [463033.0757071972,460555.74505877495,459685.4879555702,459487.8891173601,459462.12084650993,459459.22564053535,459459.1818648577,459459.1682796478,459459.34061038494,459459.2917138338,459459.24292612076,459459.1723718643,459458.899281621,459459.21342492104,459459.29989123344,459459.18777132034,459459.2151926756,459459.235026598,459459.39681506157,459459.2209686041]
testLoss: [65119.88693356514,68954.8459405899,71366.27417182922,72355.37249559164,72753.20189511776,72884.8045129776,72921.70366203785,72935.61438494921,72904.61873489618,72921.81071478128,72877.12486362457,72902.85372680426,72818.96175342798,72895.91224777699,72859.99852663279,72847.5309100151,72911.60198229551,72859.25436961651,72897.67291533947,72852.67862796783]