trainLoss: [540843.1637890339,538157.9711835384,536511.2052758932,535595.0905476809,535156.4210745096,534988.7032806873,534940.1498078108,534929.5830686092,534928.1488655806,534927.8465517759,534927.8226681948,534927.8043768406,534927.7275259495,534927.9393453598,534927.9790943861,534927.91982162,534927.7141851187,534927.9416035414,534927.9428977966,534927.9887237549]
testLoss: [72999.288230896,76279.69549942017,79114.86583709717,81439.04114341736,83137.67368888855,84221.90387058258,84810.19385528564,85099.5278301239,85149.66042232513,85201.55205631256,85194.45348453522,85228.72462463379,85196.58902263641,85158.26797199249,85169.68647480011,85229.33591270447,85157.03649330139,85203.75523757935,85194.38216781616,85197.61083316803]