trainLoss: [247300.02733308077,211710.24737262726,209478.08727318048,208044.0386761129,207220.33076179028,206562.41281607747,205857.79892393947,205194.87562316656,204470.07299870253,203763.33783623576,203200.10596999526,202650.73199883103,202238.76079943776,201963.8906325996,201754.2870155871,201427.6562282443,201348.9850639701,201115.31956094503,200918.37904807925,200729.9931319952]
testLoss: [46793.887311697006,49871.45796751976,45279.58431315422,47579.0202422142,47055.763280153275,45579.708006858826,48986.243404626846,44516.688363075256,44302.520439863205,50427.69221305847,48909.50742793083,49974.01994371414,44261.77775263786,46002.64384388924,48502.17626953125,44707.10779237747,43911.76808929443,48889.02729701996,49996.46179151535,46845.99479317665]