trainLoss: [317923.8387167454,315443.8950636387]
testLoss: [70262.8993908763,69781.8524132371]