trainLoss: [319148.9732207656,317481.156134367,316004.744032681,314537.2866438627,313018.0257268548,311393.07174032927,309670.8449187875,307877.94833540916,306017.6455435157,304075.9739764929,302116.20752346516,300072.86311227083,298008.6009593606,295957.96342110634,293906.74725294113,291899.5592408776,289945.235724926,288018.1029200554,286149.8780044317,284303.25030624866]
testLoss: [66575.32527065277,63288.35028171539,61280.62762308121,60329.45290851593,59530.06209087372,58551.11120700836,58564.19252061844,57597.15994167328,57302.5853304863,57590.83220624924,56744.75123119354,57685.55653715134,56991.378365039825,57301.69713497162,57328.31369447708,56849.6512799263,56824.160702228546,57105.94026231766,56525.81310367584,57287.42773294449]