trainLoss: [435412.49149364233,391998.53584599495,382707.7624387145,374686.9885815382,367594.90173506737,361025.9214500189,354512.44000160694,348408.31492871046,343179.04460793734,339355.77571976185,336551.6608002186,334332.1192623377,332589.298586607,331040.43278229237,329833.21144258976,328664.4453101754,327644.3084847331,326660.9933590889,325980.0126814246,325215.5908933878]
testLoss: [30694.915874779224,34479.12384271622,31202.826261669397,32857.26863127947,34303.70802348852,39094.18836259842,36934.389040499926,38549.92410349846,33943.99802440405,34051.303062438965,39172.56367057562,39416.045909285545,35818.39460542798,38017.67500156164,40836.24752008915,39662.87251165509,39358.046862989664,40275.66280770302,38078.041205346584,37631.737132787704]