trainLoss: [1417.0690347235698,1417.0406731743317,1417.0355972936402,1417.0323751043964,1417.0301637136317,1245.0159892975123,826.6389055678596,815.3626664020799,810.0680337684495,806.3218721706759,803.1513215991971,800.2984410931538,797.370912225409,794.5868037581831,791.8848639353142,788.7871201601508,785.4355105467043,781.7584531713616,777.542193466812,773.0888306012401]
testLoss: [1320.7667171562418,1321.8028889936559,1322.195544456033,1322.5386936187745,1322.6974121916528,899.1887289739122,902.8848603061601,881.8255975180981,808.3210645563462,814.7410814790164,805.3502136529661,791.8190401432561,786.5280393899656,813.768902051215,819.8515276572283,831.2766611361036,825.819858197605,820.4466878872291,830.0545714172663,800.636546125599]