trainLoss: [466400.60111016035,462380.0857204199,461023.6315332651,460129.6336699724,459598.2461515665,459323.25821715593,459208.88594424725,459171.91067487,459161.5562739372,459159.45216339827,459158.96923834085,459159.03087353706,459159.1398328543,459159.1167766452,459158.9951553345,459159.07080221176,459158.9957975149,459159.09920060635,459159.01840204,459159.0668837428]
testLoss: [75167.96289110184,72645.16262722015,70425.23708868027,68529.5851521492,67005.79574632645,65842.90466928482,65123.16822242737,64717.42938375473,64484.190301418304,64397.25014305115,64336.00386381149,64364.18913555145,64347.38272190094,64331.451974868774,64317.89522743225,64334.44103240967,64330.18294143677,64349.61199617386,64333.7974319458,64381.215064525604]