trainLoss: [394764.9277572632,242043.39140340686,238339.58126729727,237395.8225761652,236940.80047926307,236686.75094556808,236557.90811148286,236349.1917487085,236235.74211019278,236090.8095804453,235898.06436297297,235784.80610197783,235553.35941135883,235431.089807719,235318.8886550665,235236.53958022594,235208.73893609643,235133.14813902974,235108.82278639078,235091.02915403247]
testLoss: [61298.46286678314,63127.41522312164,62193.699053645134,59808.00655698776,61290.57919728756,59634.35575067997,57392.589060783386,60215.506313204765,60848.3240391016,59554.86463880539,64517.61820113659,60479.147439837456,58547.72008168697,58677.675850987434,62082.35370898247,60211.92568349838,59265.46880996227,64809.358584046364,64003.649538993835,64422.562675476074]