trainLoss: [220.80083215201043,205.69024800221283,203.50897482267098,201.33706308495636,199.22351145257514,196.96236028911107,194.4619840661368,191.7091029625965,188.7857040500894,185.6685801273877,182.44909183686948,179.004488232245,175.4739456777158,171.78009372270836,167.81935387246241,163.7878111139197,159.452589063194,154.90994772109218,150.3344511743363,145.71763896376171]
testLoss: [346.935061877137,348.83210722776437,353.75583890060716,351.48707591184717,346.12896192152766,344.94696228117346,348.938245491871,356.74042446210683,365.35631631660146,371.190555750929,381.58878201048896,388.6702636788223,397.147458436868,408.53272221656823,413.19525631531974,436.0211927977619,451.7367939625355,465.1641830805911,482.93929062931744,494.65868439816484]