trainLoss: [317146.0252186656,311123.9267641902,308335.9753201008,307645.41249102354,307563.18445432186,307558.414444685,307558.0621907711,307557.8908583522,307557.7492108941,307557.9528731704,307558.0025512576,307558.2027205825,307557.83557236195,307558.18422812223,307557.60039639473,307557.63644617796,307558.15296268463,307557.83362978697,307557.0868842006,307558.4290124178]
testLoss: [106719.31549739838,96159.09735870361,89183.99709224701,86201.00231838226,85491.80540466309,85350.12714385986,85299.38657093048,85375.7764968872,85279.3296880722,85346.79569721222,85279.50468635559,85219.42380809784,85420.70186805725,85335.78985500336,85329.43137741089,85203.5464258194,85203.72014141083,85152.58556842804,85119.21735954285,85128.8306388855]