trainLoss: [306808.0902107358,305841.92453074455,304693.9512909055,302982.8084615469,300477.8384295106,297334.40296179056,293721.80088353157,289951.61755245924,286101.6936516166,282211.6283926964,278392.70695239305,274733.2624313235,271247.97367042303,268032.92041891813,265058.6554326415,262296.9473390579,259693.12715804577,257221.31795933843,254809.9375027418,252574.97340762615]
testLoss: [82115.5224313736,81585.7037448883,81084.5786485672,80804.37405490875,79399.08178806305,78993.74298286438,78346.2896566391,78905.32186317444,78115.48447608948,76707.58630561829,76379.29098796844,77100.26169204712,75448.94806671143,77007.03705024719,76510.81190872192,76256.21503925323,76953.33423519135,77486.4868555069,77913.85612773895,77536.11079788208]