trainLoss: [308422.3408417702,308053.38268971443,308051.5710067749,308054.67494153976,308054.44202536345,308052.323746562,308059.964089334,308049.77072155476,308046.390229702,308046.39138936996,308046.39138936996,308046.39138936996,308046.39138936996,308046.39138936996,308046.39138936996,308046.39138936996,308046.39138936996,308046.39138936996,308046.39138936996,308046.39138936996]
testLoss: [91053.07047462463,91033.3743057251,91042.12522697449,91043.87189865112,91045.55582904816,91053.25404167175,91042.5676021576,91024.09074401855,91018.5428237915,91018.5428237915,91018.5428237915,91018.5428237915,91018.5428237915,91018.5428237915,91018.5428237915,91018.5428237915,91018.5428237915,91018.5428237915,91018.5428237915,91018.5428237915]