trainLoss: [1014.9369018268741,836.3763227562889,826.8360091164221,821.2027443179898,816.2964887098549,812.1176206013736,808.1001268309706,804.0513137758946,799.7260147601171,795.2953979147806,790.7373589905259,784.7551687784834,779.1804589170257,772.384493379811,765.6754033161924,757.6842228855572,748.8230502834799,736.8878506944119,724.2074240013178,711.4350386565856]
testLoss: [734.6684921320747,711.0252001070509,1062.0203099269493,866.939381124459,815.8312648249607,749.2276980456184,716.8802565481149,785.0727543849571,732.3882952970617,738.6728820875579,765.6767402798522,721.2956194559733,698.9355698679008,639.5205990660425,666.827919956282,702.6389878516104,727.4829375098733,769.790330325856,848.1531041463217,822.1898989060346]