trainLoss: [235065.02628609538,206962.74161052704,204547.8935724795,203574.9575264156,202629.48533532023,202240.36577439308,201598.2037460804,201608.30533900857,200989.58571505547,200413.68726184964,200107.59515440464,199444.86543619633,199087.11630311608,198867.17059874535,198456.39424860477,198173.38528689742,198042.92296764255,197590.0104931593,197220.340215832,197006.3399901986]
testLoss: [91488.76789522171,88286.19631886482,74596.43108534813,65497.56988787651,82203.69788074493,71763.56449580193,72208.77052760124,75887.76070857048,76582.23865890503,88517.91694545746,81545.1158797741,79759.55391955376,66813.08305501938,69717.1213991642,78975.56206703186,76086.03470015526,72940.09047675133,89235.01001787186,78933.41332674026,77027.9831635952]