trainLoss: [455.0694423292579,417.30784490965755,410.88925945315543,405.7972133811885,403.14997315466167,400.8358491922359,398.6832956911954,396.18195000393774,393.3854688609818,390.226945593498,385.9869775721435,380.4651633446039,372.4668850155861,361.21652720419377,347.2792921202631,333.5161112629837,320.8381323217257,307.22703886678215,291.16615744117166,275.539042844468]
testLoss: [549.0568646685966,481.34464936619565,481.7344849464909,514.1611209586756,532.7593223772302,580.0766011760725,585.2182630576834,595.9154341457695,607.222304303125,619.2110581019067,622.6651950987759,628.4611729833464,615.8406717864093,674.7375774454597,720.6376218795776,867.5920228508135,691.7736492638556,494.16173822003486,647.7305029401716,816.1003186173787]