trainLoss: [494.80203889663596,488.8338784350444,459.97737738427946,455.9955214448445,453.4322069786849,451.3997365534327,449.6973693612974,448.386086984395,446.9675354960924,445.6617906358794,444.281877343926,442.83415038496395,441.01867749306086,439.0119946156091,436.3121756069523,432.9140902633312,428.2976229099304,422.1229696971622,413.6507411283033,403.06690069967954]
testLoss: [2331.9545979778127,839.9952825702118,821.436635778108,804.7396452640281,782.5463514810406,736.2646288853211,713.0552409724967,705.9216020858705,686.5342202019599,667.0750518531651,685.688005117127,690.4427105573365,716.1951680684368,718.9255119130769,726.7428930705623,735.0999967003611,746.7923664211763,793.3596539107742,833.3526824327759,760.3924500209348]