trainLoss: [559442.8982522488,558978.9513031244,558974.9605836868,558974.6823549271,558974.6823549271,558974.6823549271,558974.6823549271,558974.6823549271,558974.6823549271,558974.6823549271,558974.6823549271,558974.6823549271,558974.6823549271,558974.6823549271,558974.6823549271,558974.6823549271,558974.6823549271,558974.6823549271,558974.6823549271,558974.6823549271]
testLoss: [77919.01848846674,77905.38381659985,77903.50498437881,77903.50498437881,77903.50498437881,77903.50498437881,77903.50498437881,77903.50498437881,77903.50498437881,77903.50498437881,77903.50498437881,77903.50498437881,77903.50498437881,77903.50498437881,77903.50498437881,77903.50498437881,77903.50498437881,77903.50498437881,77903.50498437881,77903.50498437881]