trainLoss: [288933.9597070813,286712.6867901087,284814.9404562712,283396.7777065635,282416.7262428403,281716.12458884716,281200.4514629245,280777.1750065088,280415.97243738174,280085.2644915581,279743.4249469042,279384.75844872,279001.8825125694,278597.86043035984,278174.9869056344,277730.99940395355,277267.6351724267,276784.53383648396,276281.30797332525,275749.33357834816]
testLoss: [85128.8423242569,82352.32361650467,80033.88441371918,78487.84342098236,77196.27801084518,76407.25850391388,75631.67896032333,75096.38405513763,74782.12885713577,74407.44855213165,74087.78939580917,73984.0632519722,74094.73538303375,74287.86932659149,74424.94452905655,74412.9218659401,74778.95318841934,75018.49745416641,75299.36054372787,75587.36778783798]