trainLoss: [274660.0003503561,272985.5578547716,271948.9814015627,271323.1157799959,270975.83468842506,270812.23082077503,270748.17302691936,270729.7753447294,270725.20294749737,270724.032124877,270723.9864503145,270723.92228221893,270723.922023654,270723.8350394964,270723.98892712593,270723.9089525938,270724.093683362,270723.9218029976,270723.9499886036,270723.8283390999]
testLoss: [100403.05178070068,96288.57818603516,92896.27173423767,90162.80775928497,88016.42316246033,86535.97838306427,85568.31078529358,85115.24398612976,84855.30679512024,84765.48517990112,84731.66610717773,84647.39924144745,84627.70422649384,84709.84052467346,84666.29015254974,84692.56353664398,84648.72119808197,84690.96469306946,84634.90651702881,84702.41864204407]