trainLoss: [468.6807308286587,401.5173796353505,399.3990530859917,398.165845012966,397.265793784898,396.5030442726739,395.83803035437745,395.2099165510624,394.58930913018105,393.9598871127088]
testLoss: [364.61775226239115,351.3884976913687,344.5803575847531,344.62988267990295,344.4476411680225,342.62514987040777,338.67752663756255,339.2625651162816,339.125439948868,339.8799763408024]