trainLoss: [389496.05717360973,323307.6011389196]
testLoss: [77143.43447208405,69304.33967399597]