trainLoss: [233502.96713545918,168024.61943686008,164010.0452336073,161827.2260940671,160931.0730690956,160542.20582261682,160301.85956162214,160187.4586250484,160096.33289337158,159973.4028210938,159871.23021161556,159824.5690818727,159768.91186988354,159740.82575920224,159672.18126237392,159668.3104594946,159629.99620822072,159590.88604396582,159519.07581284642,159538.7168676257]
testLoss: [61893.943734526634,61532.14646136761,60729.591931819916,61172.98760557175,61499.089243769646,63633.09472608566,59732.24538564682,61755.801154494286,62389.245940208435,61382.73033130169,62441.85986220837,66286.77588200569,62197.13506615162,59400.918083548546,59920.78275048733,58117.32146656513,61627.3483184576,63909.604331731796,62669.68425440788,56774.20758986473]