trainLoss: [380438.6651238203,305069.0001978576,293773.9310989976,284777.20656594634,277201.2000564933,270690.4610064328,265037.74495634437,260119.48115566373,255837.11303815246,252165.6159131229,248998.96695521474,246273.28784167767,243973.5798035264,242017.66079199314,240396.2190515399,239052.66398063302,237942.77191129327,237032.36958184838,236317.56484016776,235706.5769007206]
testLoss: [49794.80608129501,49033.57376527786,49146.406042695045,49387.6311994791,50743.42677485943,50524.11789345741,50872.56283724308,50410.890787005424,54028.270588994026,53027.07730782032,52543.06158578396,54714.75475549698,55265.83435320854,55430.43469762802,54224.964054465294,57721.83250260353,57232.01216471195,55464.276411533356,57276.34531021118,57479.24827027321]