trainLoss: [307649.5423628092,306810.87949061394,306267.1845740676,305844.79994541407,305397.9461436868,304884.30395811796,304260.9881169796,303538.2021512985,302764.8221678138,301907.3489140272,300938.6374652982,299893.1467821598,298871.31086444855,297576.30824518204,296268.09381234646,294914.73909312487,293394.46052366495,291747.13659638166,290046.52354317904,288273.6486084461]
testLoss: [89633.44132518768,86183.87861251831,84101.70212841034,83407.6905593872,82886.18959999084,82070.40140151978,81441.80735492706,80563.17636489868,79884.00682163239,79207.83890342712,79027.4693403244,77959.95157146454,76973.17395591736,77323.47684001923,77409.12808418274,76544.14144039154,76582.85007095337,76714.40493392944,76782.79490852356,78005.58373069763]