trainLoss: [510.2717566882953,433.9473552659918,432.29046109223214,431.2711668048149,430.49934587940953,429.8038266169337,429.12075109229636,428.4662124921878,427.83967367765996,427.24395838926233]
testLoss: [634.7127486467361,573.9332795167385,595.6783618095309,588.6043669172498,576.9552571444317,568.04259569813,561.7508767496707,557.606901858695,553.3662355173985,544.9432169843119]