trainLoss: [467.3069804963313,397.1262886035991,395.2710481102137,394.1901446771073,393.40943954300724,392.76446142161365,392.1966189122514,391.66794768262065,391.18128189103385,390.7219437983083]
testLoss: [712.0597536731034,706.7502159569651,709.2944573891134,703.313294552792,700.0623970986225,696.1166273260561,693.1440110806233,689.7603806793236,684.5065727920557,680.3525797795886]