trainLoss: [993.8909436974526,920.554586582865,911.2064073021071,905.0638595482282,900.3646482318129,895.7481742326191,890.7756689445972,885.1942077930995,879.0064004904542,872.3319930348737,864.5310812353407,856.7487905835765,847.9538031187058,838.2062834824834,828.2317355114733,817.8318579688753,805.8328387369428,793.6362611306395,779.23631925651,763.2863540330615]
testLoss: [1029.0160311622278,950.7722732731274,940.9425397523812,842.8748575040272,889.551767379897,940.8729740040643,1027.0089223555156,846.6587413242885,960.4117419413158,1064.6721710477557,1063.5290417739322,1113.8441508225033,1083.6919513225555,1083.3888474328178,1131.5708040646143,1087.9864065374647,1105.4996360029493,883.2740490640913,1045.3380978039334,1213.0873588221414]