trainLoss: [331585.3244109154,324883.16945159435,321801.1133528352,320011.32521122694,319076.342184484,318665.8739004731,318523.2546119094,318484.7331315875,318477.639677763,318476.75701099634,318476.5285452008,318476.5084850192,318476.8320916295,318476.8254407644,318476.80159395933,318476.86133766174,318477.013815403,318476.89633846283,318476.6344156265,318476.8120353222]
testLoss: [53831.965386390686,58905.60244643688,62848.08054918051,66219.7900351286,68868.26586997509,70744.54408341646,71851.48739874363,72469.94065225124,72675.31480795145,72872.3407868743,72820.46877419949,72773.46767479181,72746.29712975025,72713.73050510883,72838.80712199211,72773.94885981083,72902.63029456139,72818.86386203766,72769.65296983719,72761.28547942638]