trainLoss: [277080.1692792177,269215.7438584566,263293.6518199444,260169.40887331963,258251.85196495056,256197.20269024372,253921.7712327242,251418.00162482262,248712.54040193558,246062.12208151817,243415.1475865841,240794.30814647675,238210.2349009514,235791.07297599316,233506.39757978916,231302.07194375992,229264.32133197784,227290.81782758236,225486.5800551176,223814.4044994712]
testLoss: [103546.3045129776,90175.33569049835,73965.66631889343,68326.82432174683,67644.80364227295,67998.45255756378,67151.69897651672,66445.04271173477,67447.05651664734,65341.83539056778,65707.72586250305,64284.86359167099,64621.04843664169,64205.98515319824,64587.20861530304,63779.735339164734,63270.928203582764,62848.387182712555,63643.36753511429,62646.918880939484]