trainLoss: [448186.8802448511,347456.0155057311,343827.6234675646,342330.6656731367,341259.90459883213,340166.4966054559,339060.9426576495,338202.23095071316,337571.75034606457,337063.2169249952,336675.9264091253,336363.55105161667,336117.018499732,335941.3839225769,335789.8161134124,335648.5929285288,335552.4814544916,335441.16981738806,335346.9034887552,335257.7522574663]
testLoss: [38192.911156117916,38395.69444432855,36800.922978281975,37903.74038776755,37407.75651526451,37517.06745323539,37653.35822969675,37888.52231296897,38260.61096698046,37879.43456616998,37682.56228265166,37431.71757182479,36498.080911666155,38417.74030405283,38286.09420192242,38253.11087870598,38528.816072911024,37984.07570973039,38858.98278748989,38398.242839396]