trainLoss: [219428.3980487585,164880.74173533916]
testLoss: [52531.708361148834,51642.919001579285]