trainLoss: [304007.00520798564,238916.00975477695]
testLoss: [58193.3231010437,55718.048115730286]