trainLoss: [272720.64148807526,271819.46379446983,270315.2655412555,267857.01787012815,264310.4850987196,259874.21090376377,254824.45672684908,249611.39431339502,244582.43878132105,239981.48754233122,235863.10592126846,232262.91137200594,229030.88632953167,226121.36887693405,223495.5088210106,220846.09926879406,218339.49897122383,215958.22585976124,213733.03816223145,211637.53377616405]
testLoss: [85597.74882435799,82079.91769623756,79309.27368021011,75125.81701302528,73311.17812395096,70828.99039554596,68686.30005168915,68037.13015627861,67048.2798883915,65546.86368370056,65226.99488079548,64927.427055597305,64609.709445118904,63930.88561165333,64504.39283013344,63394.87473273277,64086.925236701965,63593.57796728611,63233.90902137756,63823.72994065285]