trainLoss: [501429.5648382306,411189.0741904974,407813.9318653643,406374.1445941925,405402.54160666466,403285.239110589,395026.941336751,353738.43352103233,337879.4009168148,335537.2176846564,333404.67600795627,332373.26876428723,331498.9031956494,329825.5744857788,328261.7073048949,327733.4922054112,326636.6045513451,326105.4942198694,325614.0335587561,324843.50767225027]
testLoss: [51120.557408332825,49058.861161231995,49206.11905455589,48674.11891031265,46111.087465286255,51058.91391468048,51216.18364548683,64725.64327573776,56653.10206794739,63387.29250764847,61202.7874250412,57536.93874359131,65001.14557647705,58656.275710105896,54837.105812072754,61178.75595664978,59113.70161485672,65247.73525619507,63691.99356651306,57252.46026277542]