trainLoss: [745.1026612420083,698.8978133897781,696.2583585426808,694.5715957472665,693.1871653514249,691.9122627424513,690.870147475447,689.884307464804,688.9676030976432,688.1091330043248,687.2543570069586,686.3722139495441,685.4005955285685,684.3551809649467,683.2232363314969,682.037653223242,680.7713989670617,679.5162349048002,678.261487180233,677.1018567271573]
testLoss: [689.0008296063968,656.0477647338595,633.1654864311218,630.6032721042633,625.0604655631951,635.7826071432659,657.6624076545238,671.4084829509259,678.4293307389531,687.729777193921,694.8131570781981,692.8860873826912,686.4634951114655,690.9838209399155,686.7342172852584,685.41515292355,683.1913219417844,680.8213924935886,689.0908259766443,670.9714957135064]