trainLoss: [325245.16625732183,249321.56076475978,246337.97047635913,245172.20058226585,244208.30275410414,243604.0245243311,243197.3796519637,242664.52765718102,242119.1152124703,241683.75529396534,241076.94815969467,240581.08130577207,240099.6009131968,239646.85226863623,239280.09268972278,238915.58640384674,238666.07666769624,238412.29681891203,238140.23736461997,237937.01963940263]
testLoss: [49547.11171960831,52878.77725505829,48768.67451953888,49864.21908712387,47480.607795000076,49964.0086042881,50664.3191409111,48241.362953186035,45555.84085869789,48974.93588924408,46511.86535334587,46261.92276573181,49994.33909320831,44914.92660474777,46390.585596084595,44779.71045446396,49792.86360168457,47647.32104086876,45245.14986872673,43413.1655228138]