trainLoss: [241.87600055717627,229.99658426949358,226.42080458219755,223.69548475657032,221.6722265956784,219.48631150103674,216.69528980270752,213.3091565551707,209.35776988646631,205.2900921980461,201.01715741323542,196.68202084826746,192.16581010889965,187.46756535104478,182.54461781132187,177.42275840911745,172.08576901515235,166.64877759288166,161.0480978310516,155.44816952638075]
testLoss: [335.6238024286087,301.1313299055131,283.82903240828324,284.0562169285405,295.9510456803224,316.94452253003783,350.13074340449265,383.7853699709406,413.6793374738946,444.63785359993676,471.6355029166929,498.3579728702046,515.2225764208282,526.4123205463618,525.9714666814205,530.6226605867708,528.7501819185073,520.2019341197235,531.0525850112864,558.1983763291346]