trainLoss: [687.0507009810442,628.4494896561295,625.8621173679055,624.4975733354494,623.5682387337282,622.8390696713677,622.2332818870034,621.6903914695049,621.1634692663109,620.6660223246008,620.2050358827238,619.7986317463509,619.3994510958335,618.9760369084485,618.4551662462485,618.0259684998493,617.510883296194,616.9886842044917,616.4853252132991,615.9665159048972]
testLoss: [735.7390949033921,687.2838639143974,673.7540246940429,667.0883781713824,667.8318262109833,670.7324671935651,670.2668563986978,682.8738538793979,682.9070967803078,680.6112050767867,674.3752138741555,676.2007192288676,680.1156907021999,685.0910431738822,686.8501708582525,685.1688813351816,687.4330602661256,690.9595461937689,690.3784007653113,694.0328847435213]