trainLoss: [536252.9419564009,535773.6249036789,535765.3420972824,535765.3420972824,535765.3420972824,535765.3420972824,535765.3420972824,535765.3420972824,535765.3420972824,535765.3420972824,535765.3420972824,535765.3420972824,535765.3420972824,535765.3420972824,535765.3420972824,535765.3420972824,535765.3420972824,535765.3420972824,535765.3420972824,535765.3420972824]
testLoss: [91050.62634468079,91018.5428237915,91018.5428237915,91018.5428237915,91018.5428237915,91018.5428237915,91018.5428237915,91018.5428237915,91018.5428237915,91018.5428237915,91018.5428237915,91018.5428237915,91018.5428237915,91018.5428237915,91018.5428237915,91018.5428237915,91018.5428237915,91018.5428237915,91018.5428237915,91018.5428237915]