trainLoss: [253119.09347748756,182160.09948199987,166290.8015062213,162808.6160440445,161161.37123590708,160203.24848234653,159418.70715165138,159111.79939216375,158758.07101023197,158544.1404634714,158346.233310014,158171.15888759494,157988.2058068514,157808.12851166725,157636.20147395134,157501.7902545333,157325.1711243391,157168.13632059097,157014.52665311098,156871.653814435]
testLoss: [80454.69118595123,54062.85708284378,57527.75502490997,51023.42842721939,53631.49860334396,55225.3878159523,50135.98310852051,54145.99126958847,54569.30626106262,54067.35612678528,53956.86455869675,52288.83255195618,56081.56202888489,56075.62797641754,58711.762174129486,54168.40234851837,52918.82907104492,54425.61017513275,56068.05174398422,59342.962572574615]