trainLoss: [258019.43774408102,201130.20764383674]
testLoss: [63312.25992631912,56891.18824625015]