trainLoss: [346622.6905147433,298373.8407077193,288615.2985315621,280707.8014165759,273968.8840047121,268099.2453921735,262920.7929829657,258405.68666622043,254472.34069538116,251067.34912967682,248155.6548395753,245646.74683964252,243499.7590586841,241773.8205859959,240273.5993168354,238990.53667145967,238005.5643966794,237207.40356478095,236470.62804862857,235981.17186132073]
testLoss: [54484.65115594864,56523.67853498459,53192.37876844406,53143.15333557129,57682.644758701324,55761.03978395462,56430.71009874344,56039.817702293396,59781.83886766434,55725.8676109314,59308.34004116058,61083.93644285202,64273.974225997925,67313.29116725922,59519.996925354004,61386.004340171814,61083.652005672455,59969.81703662872,57754.39019584656,64124.34196186066]