trainLoss: [529018.923158884,523245.84019851685,519476.8985950947,515521.83327305317,511470.90121114254,507377.84692168236,503281.45742571354,499199.9210767746,494948.9526667595,490280.5269652605,485010.59810495377,479417.76010239124,473576.7463057041,467905.5485614538,462503.2621076107,457444.01097905636,452673.2155742645,447992.8807390928,443321.1663862467,439026.8004333973]
testLoss: [73325.92271900177,71783.15045833588,70001.85128879547,68179.223695755,66783.03028202057,65063.72446727753,63991.977127075195,63380.520648002625,62753.693511009216,61371.77008724213,61255.64280653,60736.18684005737,61294.858068943024,61447.39018821716,61290.7976269722,61900.927075862885,62464.78920459747,62230.928805828094,61418.140787124634,62827.305822849274]