trainLoss: [240036.87741672993,167327.60168889165,163546.24846550822,161764.72059512138,161080.55517420173,160725.39704477787,160501.0008673668,160326.10381153226,160195.6477843523,160088.1156233549,160059.27716377378,160013.4819279015,159936.43319645524,159875.64459565282,159823.008692652,159780.85582259297,159728.970333457,159679.18889689445,159688.1533304453,159662.24860414863]
testLoss: [58829.270446538925,54610.11213564873,62073.985008239746,58857.8752310276,51793.215175151825,60919.342967033386,70836.50826478004,58773.05417215824,63722.97767138481,65847.06504583359,57843.82939338684,63126.53272342682,59136.127586722374,54472.915519833565,59378.82533431053,58941.77937281132,60994.40776491165,57167.055470228195,61744.8782094717,56150.31718659401]