trainLoss: [560152.4672881365,558231.2721492052]
testLoss: [77493.48876535892,73776.15176975727]