trainLoss: [421319.08538520336,387716.1847137809,375214.19561332464,365930.7198136449,357961.3382603526,350555.070617795,343603.8960838914,336986.7334873378,330710.7969828248,324733.5803949833,319034.5485857129,313627.6225824654,308446.2105239332,303536.2146593034,298876.26714903116,294426.8124027252,290196.08239012957,286227.3173388243,282424.86691376567,278845.8132562041]
testLoss: [125682.84836483002,123776.41259479523,117563.7044057846,114784.96589279175,112086.38694286346,108808.12988090515,105909.20423698425,102965.48516273499,99150.72674942017,96837.95611858368,95457.01605987549,92487.25674533844,91426.6319694519,88967.96483421326,87123.96815299988,83623.43750667572,82221.19573307037,82529.57592868805,78592.20905590057,77594.18276500702]