trainLoss: [460377.2936730981,459880.3738541007,404602.37582451105,359536.8317744136,358596.4015274048,358031.6529712081,357662.9654994607,357374.15484523773,357064.1443194747,356777.2800026834,356596.77090257406,356379.67342472076,356237.13205969334,356089.5581071377,355834.6549063325,355660.34650081396,355564.42945206165,355322.2946898937,355099.40833094716,354967.36291372776]
testLoss: [68765.86116504669,68762.70527887344,83888.90336465836,88659.22475481033,82315.75972652435,86189.04216432571,85402.32115030289,80429.2259774208,84348.66393947601,83074.26811981201,86739.66755723953,82892.08504247665,86873.25088214874,82874.50263547897,82522.1821718216,81216.07923316956,84182.1241889,82369.67116975784,83874.27017021179,82239.91387462616]