trainLoss: [398319.1918544471,324484.9692697525,320944.3275154531,319218.6976135671,317891.66932728887,316526.2001352012,315262.914583832,314108.3156314194,313030.5878817141,312136.181088835,311326.11059480906,310628.0560924411,310077.50320127606,309569.44120562077,309132.90211197734,308665.3125013411,308384.4825449884,307836.9130090177,307406.1028124392,307052.6358925998]
testLoss: [74426.03843736649,77309.9519674778,76125.54409623146,79416.46246314049,81692.23934578896,75344.85259842873,79380.85376954079,73184.35227751732,77955.10258460045,74138.2448861599,80380.87870025635,78517.74018740654,78317.91589641571,74762.05195856094,77236.25136113167,76356.97793388367,77955.7149450779,71408.82501244545,78599.7940428257,78672.92651677132]