trainLoss: [313469.9348357916,311841.900795877,310892.51165115833,310007.0519781709,308929.276132524,307333.42609620094,305103.8129694462,302332.8340822458,299051.83846855164,295305.1566889286,291215.8625935912,286762.24296337366,282385.69722664356,277945.63230246305,273913.6615419984,270164.9030787349,266810.6285573244,263706.3045270443,260594.27416056395,257644.71067750454]
testLoss: [99558.10324573517,97287.67624855042,95717.40341758728,94976.9113111496,95379.42785644531,96003.8354511261,96719.34360218048,95945.22633171082,95605.66431236267,95640.95879745483,93542.11316871643,92020.22444915771,90903.81736660004,90584.43200397491,89199.24649333954,87238.81439113617,86344.2541770935,84748.5051908493,84057.09567070007,82765.05089759827]