trainLoss: [452.13077279542176,422.19981863390313,418.9436815048967,418.02077177701057,416.3386651037188,415.5302369081742,414.08550636512894,412.64207408288854,411.37746318733537,409.77843045154947,408.4092234705176,406.83172926670545,405.7187576336907,404.48939766729035,402.6889348825464,401.0268569805792,399.62696407882424,396.7949042001715,394.221564181478,389.667470750561]
testLoss: [488.4623694946689,407.5465734206861,497.845653685639,503.53326148506136,544.6563957343178,550.3392577502035,545.9595064661195,533.2092880423992,501.3591762915734,488.62837187878546,508.0206359223012,508.3496777851735,532.847910270191,549.0338206944928,509.1604725449316,551.0166245360529,559.5221800065809,570.6664848173818,608.7804599031325,554.3938460488473]