trainLoss: [267347.65413820744,240475.869895339,238615.92279097438,237569.67889657617,236772.0500586033,236470.34855800867,235368.4972844422,234362.71500605345,233768.8730944395,233710.9081096053,232589.1746684909,232115.03796091676,231367.6691661775,231074.12600392103,230577.17603302002,230362.3545910716,229854.9287367463,229482.21994102,228952.78483122587,228813.3501353264]
testLoss: [57669.08470129967,61713.28226673603,70692.10554742813,48269.7068567276,78746.39319968224,62855.752081274986,57291.3111666441,58418.770240306854,48236.927189707756,55905.07673859596,49127.74350118637,74239.29810762405,49252.98842513561,54243.00067949295,51370.24298095703,64664.38751459122,57903.16446018219,51871.65491425991,54962.468824744225,57085.71348154545]