trainLoss: [291775.93471717834,286647.9845842123,284184.9105926156,283145.50991010666,282707.3732215762,282528.7741562128,282472.4332137108,282456.10961449146,282456.9845342636,282454.89576631784,282453.52362287045,282453.75637829304,282452.6243594289,282453.9883585572,282455.9825899005,282456.9191157818,282454.92085665464,282455.11299937963,282453.7660575509,282452.41318780184]
testLoss: [93046.5484059453,85574.58430719376,80754.21291261911,77698.54160916805,75587.79839658737,74157.01683658361,73348.3975572586,72921.1978098154,72848.92229801416,72790.13076889515,72874.45001322031,72822.08223611116,72801.01143813133,72836.74018329382,72760.65619373322,72801.60831433535,72800.9018021822,72746.6097946763,72710.22008740902,72794.57292956114]