trainLoss: [681.9195847763008,624.166894125036,621.4339834478984,620.140925033911,619.1436922953106,618.3830614655537,617.7424328874545,617.2586641479456,616.7453164381493,616.2067989032978,615.6858026883991,615.2087486028117,614.7079470291002,614.2164979598437,613.7414738425063,613.2321736786074,612.7111676858558,612.1547020679689,611.5829394236899,611.0045883636947]
testLoss: [1008.3040969553373,1070.8963192531605,1120.7173718435085,1093.2374369940221,1070.0263244229436,1075.6497400095132,1084.643777996499,1078.5381547370494,1083.7516135151022,1082.6950234206306,1084.5893883326196,1072.947026142616,1074.7557780501859,1073.9174902060174,1067.0728708659576,1062.4941402275042,1057.2236861160259,1055.9230900829202,1052.735452506321,1050.0715594181163]