trainLoss: [282888.82664757967,282298.4751287699]
testLoss: [67986.31068438292,68962.22022998333]