trainLoss: [317890.6029898524,316427.7975679636,314550.4251141548,312398.4344096184,310038.09567832947,307274.8380513191,303706.24615472555,299148.728467226,294021.3933765292,289188.3638331294,284735.7341811657,280666.2406374812,276753.384958148,273282.2434694171,270026.7219955325,266977.7889236808,264315.7242578864,261911.42613095045,259888.28839439154,258196.1097753644]
testLoss: [71092.45357197523,68730.75090241432,65352.004458248615,63648.037026941776,61054.67360830307,59506.35222965479,57741.30166500807,56899.86314302683,55890.19058817625,54444.82745346427,56316.02260196209,55336.41692900658,55802.95749592781,54420.397508621216,55135.504394203424,56256.835262060165,50572.470660209656,50562.3831538856,55371.81898009777,50598.98296555877]