trainLoss: [528.8330598251479,463.81196419715883,457.3702594562939,454.0964491731439,451.84991617390085,449.9896628427846,448.5341841201782,447.255761131491,445.935646095344,444.64731652440344,443.07670392666546,441.43680479012215,439.49008418873376,437.2406932865211,434.34966064858435,430.79065542786464,426.45229007383756,421.187637153898,415.46984033523285,408.63419082444057]
testLoss: [577.1003693819046,506.5781062185764,482.587565182788,465.4824722519943,426.2146026117461,416.23000462055205,397.4521390914917,395.97301119395667,398.1318795187133,391.9564810889108,389.03017519031255,393.853442633152,393.8607924938202,405.82065207617626,408.3214450972421,413.4730351431029,429.34100147315434,427.2067061662674,443.83174315690997,455.98956787415915]