trainLoss: [242.1568385643959,229.9559279989515,226.45278398626192,223.9622020008564,221.9158110435009,219.57554999477523,216.72335012521063,213.168932058709,209.19095296808652,204.96648812437058,200.60598367101807,196.07021765167372,191.3247345575605,186.38999457335473,181.33584326723644,176.1202686424596,170.75098101810048,165.21950076600484,159.65635438534193,154.75489532613753]
testLoss: [244.98962066126805,246.87244725133857,247.87995925978117,254.33915783003266,259.1565815233717,265.6350447561227,277.16916429108267,294.5356724720375,315.6719835430968,330.56278235117594,343.60986478094964,358.6444575852039,371.2354550829121,384.9986380146999,394.82672217499976,401.58099942674824,418.5396419113758,427.6457879496556,430.33090957940794,472.6792537764007]