trainLoss: [283067.2048804164,281652.3151770234,280736.9644088745,279732.25802129507,278435.56882208586,276645.20563429594,274252.3449071646,271364.01927369833,268366.0267214179,265305.2692591548,262311.08362305164,259428.97033327818,256679.7778275013,254141.38773530722,251729.93668282032,249515.66711992025,247436.8466669321,245485.12200695276,243664.23190915585,241927.4738716483]
testLoss: [63964.77012628317,64856.821329295635,65513.42974859476,65941.70773863792,66054.45865339041,65967.38750809431,65756.5818682313,65361.43159252405,64697.092132508755,64051.509107887745,63355.51572197676,61777.92281603813,60808.243244469166,59760.73530244827,59108.0845977664,57701.22504544258,57305.21232753992,56388.164326667786,55680.89995789528,55402.391941428185]