trainLoss: [247801.44451862574,204034.92666062713,202582.3947352171,201318.33031484485,200416.4423316121,199744.8665985465,199058.86485394835,198343.18407157063,197593.46904864907,196796.54783290625,196139.23933452368,195632.641700387,195216.6656293273,194841.02771672606,194578.45649379492,194369.05013534427,194139.9854964018,193935.10365775228,193776.28399586678,193604.42614266276]
testLoss: [73600.87794971466,76931.24431991577,77810.69001722336,73533.54860830307,77788.51359343529,71093.80908226967,80060.53857469559,68876.52604436874,77984.79446935654,82238.46771621704,69894.35638260841,71532.99029040337,72237.96731376648,76905.99865794182,81770.02239441872,76846.31733989716,86266.1386809349,65822.9366607666,76589.66511082649,77359.7699854374]