trainLoss: [441844.2112337351,441691.1826784611]
testLoss: [90454.39084148407,90443.07754135132]