trainLoss: [424251.44961470366,326014.80866086483]
testLoss: [72286.69855594635,76267.5057926178]