trainLoss: [548554.5784211159,544381.0366926789,541350.2272164226,539241.1877582669,537886.83561486,537097.4045424461,536711.6154555678,536557.9292603135,536513.1929248571,536504.704615891,536503.1781312823,536502.9999369383,536503.1365329623,536503.1152685881,536503.2393713593,536503.0987339616,536503.2465880513,536503.1990331411,536503.2135241032,536503.1007846594]
testLoss: [67158.09759807587,70473.73944568634,73598.48677921295,76474.57372665405,79011.26461029053,81147.83218193054,82722.35375881195,83797.17289352417,84345.47685813904,84585.12934684753,84679.80551719666,84701.07842350006,84655.79657268524,84683.48826408386,84675.322640419,84681.50594615936,84662.08819103241,84696.6788225174,84706.35621070862,84665.93492794037]