trainLoss: [561741.3967282772,559200.4579738379,558268.3273488283,558111.294364214,558102.3428308964,558101.868240118,558102.1650853157,558102.2867715359,558102.139095068,558101.856768012,558101.7240701914,558101.907931447,558101.6419017315,558102.0822963715,558101.7924131155,558102.1673732996,558101.5244134665,558101.5005613565,558102.2959051132,558101.8582794666]
testLoss: [65632.99420976639,69529.94891440868,71911.63524717093,72719.32755470276,72811.94756901264,72890.28277438879,72879.83127886057,72780.32330322266,72821.90068298578,72807.13721001148,72841.78071069717,72904.83158969879,72996.12977808714,73037.84558022022,72913.32809746265,72890.64929789305,72965.76306653023,72915.43032830954,72856.5635548234,72812.48042446375]