trainLoss: [391291.53062176704,337078.1254452467,333111.3711321056,331426.02661553025,330554.30007505417,329544.5202435255,328601.11198043823,327358.7083992362,326069.8674426377,324840.8899901509,323709.069786191,322874.0099693537,322219.7824048996,321707.1716660261,321340.3615473807,321098.24018737674,320726.29067996144,320431.8813897073,320186.74200570583,319973.95857566595]
testLoss: [59487.527769088745,58291.0916018486,59484.41171169281,58916.890105724335,58867.601796627045,60949.918964385986,54967.97448635101,57265.75085401535,58698.02862071991,56773.918561935425,56509.63596487045,61740.66554021835,58547.30642032623,57966.782517910004,54282.10505580902,57758.159088134766,54811.29852247238,54526.83796310425,56888.2495970726,54905.61726331711]