trainLoss: [452.00236460645465,419.8427282078377,412.8355292105912,408.58391332121084,405.2724743277032,402.26027885880694,398.87195243784134,395.16541258862475,390.95756925861565,386.6041396514469]
testLoss: [653.9311314605177,642.3125486113131,668.3142866264496,665.5850643596478,640.1164611702519,648.1663596402321,662.2851944422083,671.7599258545254,690.6812482591187,717.4931180154639]