trainLoss: [435310.4445248842,366153.5659637451,357167.7926493287,349845.4349642992,343125.8664138317,336818.1249308586,330893.22299826145,325288.90512031317,319926.2539076209,314897.9906475544,310030.6315600872,305416.6209053397,301046.09386634827,296857.7136081457,292917.16593945026,289168.21425944567,285537.5178243518,282193.3186594248,278994.76031297445,276020.6387298703]
testLoss: [17765.48830293119,17914.091222450137,16670.794016718864,17577.27210918069,16357.904716104269,18834.36465397477,17831.687534958124,18118.483695730567,17597.836614072323,17775.529889136553,17914.587297335267,16993.10163037479,17474.120183333755,19026.27267037332,19127.253657236695,19010.240260735154,19534.14177943766,19315.44977296889,18786.88877929747,20008.681741058826]