trainLoss: [472.83204614010793,422.09126787317706,417.3889295213585,412.6515136571247,409.44615309955196,406.63044087294537,404.1133261412005,402.07830405642716,400.188268406708,398.2652771221309,396.157600608204,393.75091025161595,390.80506566453585,387.305266948629,382.70595366309715,377.35664463646805,370.75543220590185,362.9112540741887,353.73779673802704,343.2094621549302]
testLoss: [422.0137025093295,416.7994909556871,422.9943108779868,411.26606223509486,419.66550122585494,399.6210891045246,390.45761578844997,386.42833235829147,377.77249105935243,375.2645965654825,381.9312477677139,376.4206712958739,372.3931726278718,366.7298295571632,361.8998917353522,365.97685800631024,374.21280708509624,391.1707814821263,392.87180897870013,411.74305409746074]