trainLoss: [242086.97320842743,203329.3701530099]
testLoss: [74387.78521513939,76897.09105372429]