trainLoss: [541246.9171066284,541072.8966766,541072.8828241229,541072.7700921893,541072.7700921893,541072.7700921893,541072.7700921893,541072.7700921893,541072.7700921893,541072.7700921893,541072.7700921893,541072.7700921893,541072.7700921893,541072.7700921893,541072.7700921893,541072.7700921893,541072.7700921893,541072.7700921893,541072.7700921893,541072.7700921893]
testLoss: [90457.76395726204,90452.39053726196,90450.16213417053,90450.16213417053,90450.16213417053,90450.16213417053,90450.16213417053,90450.16213417053,90450.16213417053,90450.16213417053,90450.16213417053,90450.16213417053,90450.16213417053,90450.16213417053,90450.16213417053,90450.16213417053,90450.16213417053,90450.16213417053,90450.16213417053,90450.16213417053]