trainLoss: [560087.4210398197,558982.0448576212,558977.4669276476,558980.833060503,558974.8990432024,558974.9420918226,558974.6823872328,558974.6823872328,558974.6823872328,558974.6823872328,558974.6823872328,558974.6823872328,558974.6823872328,558974.6823872328,558974.6823872328,558974.6823872328,558974.6823872328,558974.6823872328,558974.6823872328,558974.6823872328]
testLoss: [77922.57746618986,77915.57191056013,77911.7362973094,77904.85450595617,77905.73395740986,77903.50503057241,77903.50503057241,77903.50503057241,77903.50503057241,77903.50503057241,77903.50503057241,77903.50503057241,77903.50503057241,77903.50503057241,77903.50503057241,77903.50503057241,77903.50503057241,77903.50503057241,77903.50503057241,77903.50503057241]