trainLoss: [527691.6819363236,521018.1293556094,515478.4169667959,509235.7265984416,502316.4059662819,495027.26057481766,487818.0145596862,480931.79338622093,474453.295024693,468310.74971812963,462481.801959157,456963.49914497137,451610.23724365234,446634.2636395693,441893.6049684882,437573.1303807497,433604.6277433634,429877.4331817627,426466.27673846483,423309.2688008547]
testLoss: [81249.11108207703,79433.23004245758,79304.22457504272,79048.29261112213,79208.30871963501,79333.2435207367,77725.23090076447,77403.34880447388,76384.5585641861,75633.70009803772,76242.22169971466,75696.02770614624,74983.67528820038,75782.67114067078,78097.0675163269,75427.00290203094,77199.48590755463,75404.83333873749,74066.2002401352,74602.25377368927]