trainLoss: [506.69201022771097,472.43135169712,461.14860595054967,456.11084415931856,453.6951003299738,451.9570849365135,450.35027653651855,448.97025402220123,447.1674346282034,445.05747900934716,442.12405916544566,438.1688284210289,432.27000126090144,422.5106219296925,408.38048081220984,389.6551153956849,371.7533372037933,354.37042648548277,338.30567628360694,320.19050852312927]
testLoss: [558.5396073696288,578.5116208588535,490.8595661618493,441.57220805287363,420.4104609131813,393.38000463843343,377.70566467209295,363.8285920408639,374.49080037203703,385.1293194814162,389.27009473172103,398.45622228113086,427.1348229684613,440.5784903840585,494.7484805567698,522.6357971386476,428.486195506291,472.3347254639322,491.90077129710807,543.1238207361915]