trainLoss: [455610.82103675604,449461.87723094225,445557.38019657135,443363.17652219534,442365.4239362478,442051.6826364994,441996.6218556762,441990.8158953786,441989.75833159685,441989.83755481243,441989.8768302202,441989.9534690976,441989.7777733207,441989.8094421029,441989.9030840397,441989.8086720109,441989.7754751444,441989.7805056572,441989.9504189491,441989.77563381195]
testLoss: [65413.84295845032,70626.95786190033,75427.77609157562,79521.56293964386,82599.16049671173,84312.34821510315,84844.21481513977,85099.76145839691,85193.65688610077,85183.06720924377,85171.54845619202,85188.85609340668,85194.8524312973,85202.66493988037,85137.31844520569,85113.42567253113,85126.01065635681,85082.69549942017,85194.06350898743,85196.8068447113]