trainLoss: [265451.0936919451,263233.15304774046,262004.88200587034,260901.72144079208,259655.6606953144,257757.02319437265,255459.2257320881,252438.47091287374,248951.08377593756,244678.11779284477,239878.22746270895,234527.14846593142,228918.9125443101,223875.4406887293,219605.0756790042,216306.97240537405,213524.022659719,211463.33216565847,209504.70991194248,207996.51477867365]
testLoss: [73968.40345478058,68502.40754890442,65683.08928585052,69956.77816295624,67285.53723621368,68493.32245254517,78815.0124874115,71236.88610267639,68749.90697860718,72752.56128787994,71762.39938640594,72660.82385730743,69340.77616977692,69588.80030918121,73604.64402580261,73917.07743263245,66320.4139623642,67973.94859313965,67089.41573429108,66392.4830942154]