trainLoss: [540260.901147008,540228.4294647574,540227.2962298989,540227.026458025,540226.7819335461,540226.8731495142,540227.1905930638,540227.1255494952,540227.3174038529,540227.1881561875,540227.1964825392,540227.1458221078,540227.2115285993,540227.1782495975,540226.9396766424,540227.0616697669,540227.1455229521,540227.0034207702,540227.3135050535,540226.9627470374]
testLoss: [84325.9089539051,84624.72057723999,84685.19622588158,84644.81743001938,84563.6893427372,84758.6637263298,84688.07268977165,84696.98140907288,84740.90336871147,84703.88190412521,84707.86214613914,84705.5516371727,84729.35766291618,84691.77801179886,84611.74399161339,84726.51326918602,84714.86303710938,84644.99068593979,84672.83500242233,84591.81079053879]