trainLoss: [744.0696678742578,700.1669869878178,694.8773686940534,693.0073258342485,691.6343535166341,690.5562779408193,689.5417596736733,688.5619637448816,687.6547045556633,686.8105872984208,686.0065746455871,685.2449480051687,684.4908999382369,683.7339060669905,682.9090590945802,682.0156495045995,681.0305178265405,679.9565482576505,678.8027938866883,677.6051506723853]
testLoss: [1476.2911983906038,877.278381206934,864.7664386924134,836.2839890823064,804.3873189194313,817.7360006780025,827.2963558587412,839.296775397086,837.9545760569193,842.169710461667,841.5407882595299,838.2952594366295,835.8327120878049,833.7339798468628,833.9731844229414,831.7112775671956,829.3193126048474,827.3761028779659,825.5878259172503,823.7733508820171]