trainLoss: [292004.6676056087,252783.92694023252,251178.06741082668,250275.6343882382,249193.59569564462,248124.8135767281,247430.6880801618,247036.46121752262,246583.01467585564,246265.0238687396,245990.89883685112,245622.41610115767,245253.65705132484,244940.49959108233,244547.92785423994,244216.44394090772,243713.30868312716,243164.5296498537,242700.07375055552,242348.99507459998]
testLoss: [58138.42096757889,58497.432495594025,54444.928703308105,56765.77305173874,47147.64234137535,49505.01122760773,52723.66507101059,47332.67992091179,46973.18012189865,48841.25028371811,49441.075388908386,45595.14701986313,51928.25372648239,55864.50967359543,53781.310681819916,50899.108196258545,50965.83812594414,52681.47559452057,42251.666315317154,48378.16236257553]