trainLoss: [557267.8099226356,549039.2278718948,541969.8581687212,540433.8846246004,540259.6400647163,540237.5914630294,540230.6610940695,540233.2703235745,540226.9745581746,540231.9232721925,540233.6087422967,540234.8006767035,540234.2375754714,540229.9722648859,540238.2059722543,540241.3671840429,540230.2602794766,540232.8064457178,540234.2895907164,540229.6293901205]
testLoss: [108873.08769202232,98255.63122749329,88830.24273395538,86297.91460847855,85213.57838177681,84840.21802401543,84720.2895886898,84795.05633997917,84702.936450243,84865.36806058884,84770.3318040371,84817.04748344421,84772.42431879044,84705.41547966003,84736.4399368763,84785.28660535812,84736.1245765686,84705.8298342228,84820.08494544029,84806.14264011383]