trainLoss: [536943.5109075904,536574.848764956,536518.2157174349,536504.0541289449,536505.2904165983,536503.1208375096,536503.5527040362,536503.0650398135,536501.6697217226,536501.9993191957,536503.3991752863,536503.7442349195,536502.6031407714,536502.5363953114,536502.6668319106,536502.465774715,536501.5786571503,536501.8242718577,536503.1664535403,536502.1808063388]
testLoss: [82499.0438451767,83794.31949901581,84317.35553836823,84580.31283187866,84694.58081245422,84766.69952774048,84806.24551486969,84793.61067867279,84764.06918144226,84739.8175868988,84786.47536277771,84801.99233722687,84770.48351669312,84789.14269542694,84770.40246200562,84741.43490219116,84731.98792362213,84718.73543834686,84743.83762741089,84709.43498039246]