trainLoss: [456366.3929400444,450308.8580161333,441735.6233073473,430487.9930436611,418840.56175357103,408127.05023378134,398425.76837843657,389454.22539663315,381078.42535585165,373447.51050162315,366540.3485184908,360280.2641683817,354730.58114326,349854.20847553015,345588.8331595659,341749.7466855049,338331.7043367028,335267.1499950886,332475.83412224054,329937.59473246336]
testLoss: [65334.46204948425,64578.96700954437,63842.95425415039,63315.9097533226,63554.935601234436,60933.19139480591,60477.401963710785,60145.53472280502,58790.59062290192,58527.13482093811,58334.89719963074,58383.57391452789,56729.49224996567,58285.57881402969,57302.24517726898,57597.801849365234,57172.10427570343,56135.78580188751,57571.71990966797,57496.98385429382]