trainLoss: [267224.55507332087,240900.76296070218]
testLoss: [68385.5843603611,65776.74438941479]