trainLoss: [252695.10713768005,206441.66191715002]
testLoss: [64003.35238790512,65059.453568935394]