trainLoss: [446775.2079766989,352751.5001875758,324196.5517231822,321149.49361914396,319530.02376800776,318247.578456223,316978.0625268817,315748.2116804719,314617.45149582624,313533.2663422823,312696.9618806243,311850.0709055066,311149.53575372696,310715.8516212106,310211.7032200694,309878.1784018874,309438.81367224455,309090.08570694923,308832.364731133,308477.38931161165]
testLoss: [79690.03010177612,49145.24196147919,51907.73494577408,50710.08383369446,48856.73012781143,52240.541694164276,50622.092932224274,51716.87966442108,48581.57936859131,49341.13985109329,52527.34519863129,46905.253118515015,46646.775889873505,46675.408103466034,51799.68648099899,49129.1304192543,46968.758583545685,50766.70324134827,51583.4328122139,48983.18891906738]