trainLoss: [352257.55114638805,237169.84102746844]
testLoss: [58924.537133932114,59418.25147175789]