trainLoss: [445184.3700285554,444921.6442530751,442757.2305635214,350230.0756177306,347274.28372329473,346554.9968754649,346195.8894338012,345764.4274300933,345451.38230484724,345108.7932755947,344822.9145677686,344634.29950225353,344473.0525584817,344217.0950422287,344053.5811265111,343828.40104079247,343704.6634373665,343475.2125363946,343233.7365666628,343048.99731844664]
testLoss: [90461.22984337807,90456.95970129967,94469.00034713745,109335.2199139595,105043.16751074791,104792.69895672798,102609.26196575165,105013.0206618309,110395.08262705803,105092.19409132004,104851.01020717621,106890.7197008133,105019.68109583855,102891.89010810852,102976.05531716347,105511.99570250511,107973.662733078,108691.45413947105,103450.31634736061,104607.45914340019]