trainLoss: [742.2877403755696,698.3612476611441,695.7057062261774,693.7404482512178,692.1765787111932,690.9158974155602,689.754148310714,688.6032464278989,687.4547504595131,686.2638807370845,685.0091451571864,683.7377895002691,682.4560105373274,681.1005314681493,679.7120366323735,678.2990291067022,676.8981620983595,675.6167002866059,674.5384280099787,673.6217912144124]
testLoss: [1294.5049087547286,1225.3133960127138,1159.612575347687,1169.703627906913,1204.138324700296,1216.8911274405586,1228.9167369801637,1239.0638925207043,1244.7028351666102,1249.0412150559903,1256.0251771876112,1267.1185572486977,1281.0690700675166,1298.5919586310033,1312.4249152957873,1317.6337371590698,1313.4743689155682,1311.4551290086536,1313.4431762178103,1317.0589611905432]