trainLoss: [420063.62247136235,328041.34397393465,325843.1627264321,324780.43333384395,323989.11786937714,323183.18554869294,322404.32266673446,321729.04869416356,321164.4834702611,320689.2125978172,320249.9302085042,319888.83946865797,319575.6939627826,319332.1849113703,319126.11608073115,318919.7362764776,318792.8691524863,318648.8537738025,318537.62373659015,318414.09746193886]
testLoss: [72499.49140739441,75798.7841720581,74389.5811843872,74558.0177564621,72963.17320346832,72873.68625068665,74016.91242313385,72070.89331054688,72541.10059452057,71924.79013156891,75280.00064659119,74321.95593452454,76347.08811187744,76042.41854190826,78548.09788417816,76159.60272312164,72618.19288825989,75202.30031681061,73880.50092315674,72963.02266597748]