trainLoss: [1011.7712548290592,941.2140936140053,916.3394390265785,908.5394359591393,902.631069811554,897.5927625513508,892.4591350255339,886.5489759103731,879.7586647626864,871.297491320242,862.354666174687,852.5527924401616,842.255871722245,830.868586299718,820.163467315321,809.7856894256882,798.0867629968942,785.2997163158292,769.6278465181006,756.5216421786057]
testLoss: [3361.4455847977015,1422.6044393233117,1432.6917817071574,1225.4921407360114,1205.4844966787375,1218.5831344782912,1144.3370239505705,1140.7558527569108,1163.568986884016,1078.0494559537497,1047.3833424026602,1050.8853347680426,1269.8482503780467,1224.9775468071564,1313.3666495242655,1430.3820973832087,1220.4004973773135,1170.4001521614214,1290.931839560831,1300.2658080983636]