trainLoss: [549030.7670012116,542602.81246382]
testLoss: [99566.17361307144,94533.90610480309]