trainLoss: [47.48198020737525,46.23993458737761,45.52936524367879,44.75186533192219,43.818051957947425,42.6277391353312,41.05232450857476,39.1080896798005,36.92414885264926,34.65364077381218,32.40713541694617,30.550645483589005,29.39551985789748,28.510722819475806,27.53283963847315,26.56640112920927,25.711412543123764,24.574465422413997,23.67141331576873,22.696165479423993]
testLoss: [61.93304563538701,63.211899532651636,62.797529805641545,63.769504224757355,65.7011712757688,66.08293938386966,67.19968773552453,71.1097554265065,76.10146688438368,80.70885502835553,83.74470694332439,85.3157213070375,82.93374046463447,82.50325326654767,110.16171412026765,114.89222929281931,112.21728094140177,130.09448228636575,162.19734463878706,159.97069651304068]