trainLoss: [47.74962759290289,46.4177145084288,45.72542845212233,44.95509070984617,43.96990639887725,42.73271523325959,41.17539734046942,39.25189719161946,37.09722761677843,34.84180316686343,32.571214842270194,30.504538593437807,29.25208740591177,28.623723535766132,27.716571648617325,26.714770133975016,25.99386893034125,24.891376857400587,23.857239547751053,22.819140054647654]
testLoss: [60.21052669952898,59.337316987444375,59.98338008838542,61.00941595096214,62.30780355521277,66.69033544238876,70.608930590106,73.54205813711765,76.24908542446062,78.45595147200659,81.94433211953032,77.85918004653033,98.55431404920185,116.29879782386854,104.92107973145504,82.25614881410318,61.87363776786655,46.82959175454635,74.5302987040258,110.8710570286302]