trainLoss: [304422.72472685575,262686.74623399973]
testLoss: [114856.36911869049,114594.84175610542]