trainLoss: [542720.4601446986,540664.2609052062,540265.527476728,540228.5579954386,540227.3015133739,540227.1755931973,540227.2285408974,540227.1585178375,540227.2654087543,540227.2140573859,540227.187805295,540226.9711416364,540227.3237398267,540227.3072888851,540227.216081202,540227.0363559127,540227.014990747,540227.0659533739,540226.8770800829,540227.3015754223]
testLoss: [78700.80901861191,82694.06218004227,84173.24271798134,84714.511521101,84651.75680112839,84649.81976723671,84720.16190457344,84724.21609687805,84675.86616420746,84681.23236274719,84753.77741670609,84646.95315623283,84647.51902246475,84675.48396492004,84743.8844408989,84740.66711592674,84635.47169733047,84753.83905220032,84774.80694651604,84738.33211827278]