trainLoss: [290505.0814727545,288840.66517812014,287369.77614581585,286077.29639422894,284945.45434331894,283961.6798619628,283115.9211333394,282396.8574181199,281792.3231021762,281294.8647092581,280892.7438624501,280577.9810592532,280340.11132603884,280167.5317784548,280048.88136535883,279971.8570301533,279925.88869315386,279899.8941115141,279886.668099463,279880.88870692253]
testLoss: [87172.04233598709,85066.76030826569,83070.92995929718,81178.9189081192,79380.46887636185,77674.45760965347,76063.41627693176,74537.37556314468,73098.11049890518,71760.56945323944,70509.2780508995,69364.17427968979,68332.12989521027,67433.09453821182,66653.72470664978,65999.85769033432,65484.89098882675,65069.2010102272,64779.654592990875,64588.4899058342]