trainLoss: [336134.3515872061,294875.0045479834,286004.67879259586,278723.46457502246,273063.71427857876,268010.8995617628,263509.6777051389,259508.85057383776,256139.8824762404,253324.70154571533,250975.26993724704,248967.8862476647,247145.99753126502,245553.3643745482,244323.10154941678,243111.40817952156,242405.17482218146,241566.47383782268,240997.12968951464,240337.74176993966]
testLoss: [38612.98673200607,38086.11328911781,41614.18848633766,44835.20158171654,40752.44535779953,41382.97138237953,40857.13844895363,45099.49753856659,46014.574644804,41744.097380161285,42758.09932756424,46874.03132033348,44659.49596643448,47096.523733854294,46296.03911781311,46886.95246243477,43993.46066045761,44698.652965307236,49095.3833360672,46239.854946136475]