trainLoss: [309776.4867568016,309776.4867568016,309776.4867568016,309776.4867568016,309776.4867568016,309776.4867568016,309776.4867568016,309776.4867568016,309776.4867568016,309776.4867568016,309776.4867568016,309776.4867568016,309776.4867568016,309776.4867568016,309776.4867568016,309776.4867568016,309776.4867568016,309776.4867568016,309776.4867568016,309776.4867568016]
testLoss: [90450.16213417053,90450.16213417053,90450.16213417053,90450.16213417053,90450.16213417053,90450.16213417053,90450.16213417053,90450.16213417053,90450.16213417053,90450.16213417053,90450.16213417053,90450.16213417053,90450.16213417053,90450.16213417053,90450.16213417053,90450.16213417053,90450.16213417053,90450.16213417053,90450.16213417053,90450.16213417053]