trainLoss: [270679.05035817623,269994.37645983696,269108.2272902727,267648.97231948376,265415.14083731174,262415.2432165146,258418.30539023876,253188.4231003523,247063.9735685587,240801.53800427914,235291.74904572964,230574.5669926405,226532.53680229187,222967.62038695812,219800.59590649605,217015.7186768055,214537.03036093712,212376.32692873478,210323.63189554214,208599.36280578375]
testLoss: [86865.81486225128,83665.40208053589,80539.97318935394,75922.13822555542,71672.89586925507,68845.86987876892,66025.98731517792,65824.53432273865,64556.26823091507,63327.22091817856,62629.29191827774,61905.46088695526,61690.2190079689,59884.42171907425,60075.67188024521,59356.32269334793,61369.97644805908,60114.14879179001,59551.38827705383,59110.889617443085]