trainLoss: [451384.9044365883,329520.99463379383]
testLoss: [54064.278098106384,52974.56616926193]