trainLoss: [537343.638228476,537343.638228476,537343.638228476,537343.638228476,537343.638228476,537343.638228476,537343.638228476,537343.638228476,537343.638228476,537343.638228476,537343.638228476,537343.638228476,537343.638228476,537343.638228476,537343.638228476,537343.638228476,537343.638228476,537343.638228476,537343.638228476,537343.638228476]
testLoss: [90441.84436798096,90441.84436798096,90441.84436798096,90441.84436798096,90441.84436798096,90441.84436798096,90441.84436798096,90441.84436798096,90441.84436798096,90441.84436798096,90441.84436798096,90441.84436798096,90441.84436798096,90441.84436798096,90441.84436798096,90441.84436798096,90441.84436798096,90441.84436798096,90441.84436798096,90441.84436798096]