trainLoss: [438736.468996048,433340.19803112745,428426.5597513318,422396.03915166855,414734.5386272669,405916.15280103683,396821.1371446848,388277.265250206,380559.7773720622,373576.8696062565,367431.7106259465,361862.5036044121,356720.23017823696,352064.0079548955,347828.00320518017,344009.3212157488,340360.4984161854,337114.5660369396,334091.6439396143,331286.8026676774]
testLoss: [78832.58617973328,80015.46270561218,78134.91846370697,76794.00754356384,75562.06025123596,73531.00715827942,72595.60147094727,71833.61015033722,69468.56075000763,67292.47368812561,66289.40740394592,65711.41299390793,65123.326320171356,64552.10153675079,65680.44177770615,64553.849798202515,63600.097628593445,63607.37771987915,63559.99857234955,64817.0321059227]