trainLoss: [270313.8774063587,199080.74449169636,176947.51856440306,175475.30403339863,174446.43618571758,173594.4505751133,172848.56067079306,172255.01450365782,171919.36934781075,171674.69120275974,171473.12681430578,171366.55168163776,171286.253682971,171146.25775760412,171072.0920703411,170983.78275352716,170940.4063026905,170874.76529967785,170792.6449290514,170762.16061723232]
testLoss: [74643.2570734024,67261.28096008301,64059.765807151794,69504.9695148468,66715.42215538025,70595.42618465424,69866.28098869324,62477.830903053284,69875.55872821808,67183.02238082886,74189.58553791046,72796.62537097931,69706.59719181061,72458.86579036713,73229.06669998169,70049.9025964737,70967.06732940674,70661.36034584045,77036.10912036896,66877.81349658966]