trainLoss: [569456.4897357225,557573.1884720325,547257.3516429663,540400.2003959417,537015.743081212,535628.7219529152,535111.5881160498,534960.4173262119,534927.8372702599,534929.9761589766,534936.8466649055,534933.8855301142,534939.4423166513,534926.4880025387,534932.3113156557,534931.1874680519,534934.9055306911,534935.4512710571,534932.0544325113,534929.6216065884]
testLoss: [123201.6820526123,113630.83775424957,104362.52283287048,97046.6486082077,92139.58952331543,88934.23407936096,86832.15363407135,85705.56194400787,85239.68321228027,85161.81031799316,85171.53803348541,85239.29434585571,85334.91327285767,85322.40171718597,85178.92118835449,85118.21150875092,85194.36268520355,85266.76377677917,85245.82105541229,85312.83128547668]