trainLoss: [394768.96080851555,344417.90183371305,338471.59171813726,335607.88658839464,333917.30146855116,332739.7076200843,331539.80712002516,330144.6641229987,328904.74046355486,327936.5802447796,327066.24190449715,326548.0924407244,325923.9675332606,325486.7267578244,324977.0298771858,324412.65109586716,324201.87853848934,323738.55989921093,323317.93642938137,322888.3785867691]
testLoss: [34625.95039078593,46140.41678610444,44255.177975684404,37048.160204052925,35160.75675690174,40628.96556326747,39651.760343044996,42256.67245095968,39960.82968437672,38444.630115419626,36490.69712972641,42835.95978850126,33478.753308832645,41988.01588308811,42347.583873063326,39868.20073103905,33966.300082206726,41233.06289738417,47383.99438166618,40163.893504202366]