trainLoss: [457535.9528646171,329177.44415435195,326670.48658943176,325651.5865190923,324860.66713166237,324256.79582858086,323691.2037996948,323227.37527680397,322816.921338439,322403.0299128294,321992.41371679306,321621.51403424144,321351.53449833393,321029.69668608904,320768.04465967417,320589.405957371,320388.6883215606,320263.6735149026,320102.0547082722,319985.16917696595]
testLoss: [74676.3882997036,74858.43353056908,74419.89395713806,74248.37690591812,76028.26213788986,77923.83849096298,76757.1092903614,75617.06277155876,80605.48844885826,73876.68910050392,78427.28826785088,78063.76177597046,74099.0004105568,73065.2106499672,75668.31222057343,77316.77975440025,73152.56671524048,77389.69581365585,79337.72677874565,75329.09197998047]