trainLoss: [309847.0980615914,217693.00587254763,213677.16502052546,211936.70260226727,210415.7788643241,209599.37542289495,209174.13992792368,208888.356687665,208387.90202987194,208008.55311232805,207606.12752830982,207277.08470886946,206934.87126037478,206638.66085126996,206344.2027207911,206103.58395284414,205807.16845360398,205576.44331851602,205403.708701998,205094.50125014782]
testLoss: [71492.16629695892,80773.67871189117,78365.99751091003,82655.58111000061,76276.73710250854,77671.11120033264,80335.43217086792,82023.03541278839,77690.72583007812,79825.79214859009,81029.0694475174,77765.73684120178,84418.68597507477,81737.4339094162,82799.74333953857,78785.13920116425,82682.32119941711,82590.89956188202,75135.953499794,78856.69145965576]