trainLoss: [242051.61211928725,201748.40736486018,200297.21137098968,199993.85375595093,199843.95477327704,199648.30402684212,199459.50219986401,199159.23060506582,198731.81452260911,198190.01630795002,197645.18704859912,197061.59240287542,196669.44130077958,196115.98288109526,195625.1236756444,195169.28846637905,194660.90359663963,194447.21835824847,193906.74150145054,193725.1413134709]
testLoss: [66545.9808101654,71700.67300510406,63996.303921699524,68911.83830928802,64090.528799533844,71768.05690288544,71024.78761291504,70037.38416099548,67920.57350540161,66376.10115623474,69892.40476417542,60904.20778465271,69413.1698436737,62437.32507133484,61111.19483566284,67595.41222286224,57012.90134525299,67050.07116222382,80457.72721195221,70297.9525270462]