trainLoss: [392659.4532226324,340910.4132886529,337953.00561255217,336681.1613512039,335967.17898595333,335228.08387458324,334136.09383034706,332799.35984790325,331398.6299958825,329859.12301522493,328499.9286209345,327431.4762532115,326734.4070599675,326139.37023484707,325911.6755311489,325459.70469760895,325220.07137805223,324974.9335193634,324692.15374970436,324530.2547060251]
testLoss: [36924.685371786356,38543.15934547782,37801.05924588442,41250.06567540765,40934.139421314,37758.63604956865,39471.91182181239,37370.29779967666,36066.22105157375,39494.759407132864,45162.917406708,35116.4229773283,38901.55336081982,37694.562519967556,40824.46474766731,35182.8023993969,36058.35495778918,38217.41428396106,38583.278993695974,42032.50295627117]