trainLoss: [474828.8586549759,463345.365049839,454803.39079749584,449764.4012954831,447501.40919953585,446444.86515808105,445867.42427939177,445504.795853436,445253.29695284367,445066.36074721813,444918.1006515622,444787.7464706898,444657.5278213024,444510.9131191373,442856.05389499664,436257.0997956991,430563.3938667774,425327.73018074036,420548.8899433017,416066.61100655794]
testLoss: [122880.69093370438,113192.49146842957,104612.4538090229,99173.44593071938,96161.4913020134,94317.63990664482,93058.85850548744,92118.24031090736,91367.61322116852,90734.86990356445,90155.73086094856,89555.98929095268,88827.7306804657,87815.77516531944,74437.58028483391,65417.84305548668,64030.2730448246,63532.51052427292,62108.25805866718,61593.760127067566]