trainLoss: [417.4909552606021,377.89752871566947,372.28437902017475,368.11051839288876,364.18411899738487,360.567103845959,356.78880593656226,352.8548515137047,348.6800327022818,344.2294199448475]
testLoss: [462.61900315734727,478.2037955712009,476.26131934342004,487.37106897696754,486.6072814959959,488.4280908980117,497.36631821579493,512.2290683554497,532.5021588731286,546.3833867595686]