trainLoss: [438.3740390444893,420.11257857614095,414.6825094452091,410.7497328579036,408.2253373054118,406.113927847108,404.2115169180764,402.29841349062576,400.9332200541216,399.28024542604396,397.39111368056217,394.9887812789749,392.3556029707778,388.8035702093754,384.0870690486789,377.8320109209983,370.1053101606618,363.45966882197297,353.7470772559347,343.5280711090448]
testLoss: [376.2963571155772,393.577586925731,703.6223535425522,639.8197876350553,575.102189987781,497.27315455418005,488.9521500082577,474.18580630433325,463.8100592444925,457.26231814739754,450.3728500515807,474.4694841347489,457.4560572680305,460.0946078730565,504.1646685506783,513.5923650479784,559.1673824684293,513.3410981047388,507.6682777778775,368.4061730515723]