trainLoss: [374547.15921604633,333989.319188565,321608.2067268789,310724.2127843797,300892.5932035148,292055.087816149,283995.65027704835,276743.914103657,270273.3786559105,264428.847322911,259178.73695898056,254573.58365130424,250480.04919093847,246995.36486044526,244026.28589111567,241441.27371418476,239371.81583434343,237599.72248873115,236080.55958676338,234895.24584573507]
testLoss: [36733.37996482849,40137.54438877106,40909.20289897919,40789.70789051056,43550.35390377045,41671.49007320404,46795.41041946411,46488.82633686066,44163.09557104111,48247.80198097229,47923.06894302368,46758.24778366089,48163.41842842102,47529.90932369232,49956.058356285095,53298.957713127136,54071.658086299896,53929.08963012695,56215.65091705322,50442.989793777466]