trainLoss: [269473.79287052155,246456.6354854107,240195.1892297268,234674.12303513288,229819.0275067687,225733.25909107924,222088.14476537704,219055.6917501092,216410.38624942303,213866.54769200087,211392.2760720253,209016.44399005175,206674.49564808607,204440.17457276583,202241.53162139654,200108.76211869717,198056.55015277863,196043.83725860715,194077.27782928944,192200.14168709517]
testLoss: [132642.53762722015,127527.42529392242,124072.69733142853,121249.17783546448,118704.90429878235,114674.74020957947,112637.82268428802,111923.46458625793,107588.62284564972,106325.15896987915,105722.09522914886,104182.75882816315,101067.90751934052,98686.70969390869,99548.258310318,96675.88908004761,95341.031747818,91782.64858055115,91682.30123138428,90785.65373516083]