trainLoss: [338820.5794661045,294099.84181141853,283475.1546035409,276793.66595461965,271408.70552301407,266416.9472900033,261976.054109931,258017.34792232513,254620.68779578805,251685.70831650496,249287.14360454679,247240.72473734617,245621.88980782032,244289.0135590434,243181.98939847946,242152.04917111993,241271.77235919237,240558.35091343522,239748.25046736002,239086.33276677132]
testLoss: [39824.80864787102,39508.02872753143,40728.80018520355,41440.30245375633,43974.53395652771,43210.644918203354,44978.747069597244,43079.39829206467,43070.22514915466,45509.01239848137,46269.00679540634,48555.9599943161,44247.57516360283,45365.95673251152,46562.961438179016,47829.95880007744,45516.139766693115,46134.61894035339,48134.06077289581,45812.20896077156]