trainLoss: [445241.1206703186,443419.89237964153,442438.1028625369,442055.8620657325,441992.49703383446,441990.8508220315,441989.5338810086,441988.4263277054,441990.1242778301,441989.63244223595,441992.1632088423,441989.9327084422,441991.1729917526,441989.83888858557,441990.7829874754,441991.47119390965,441991.06334775686,441990.09673410654,441991.63475334644,441989.74794244766]
testLoss: [95678.07504749298,91571.75953006744,88039.95718669891,85953.75786495209,85316.51202392578,85227.24444961548,85111.5137834549,85155.91420269012,85161.22367191315,85060.24545764923,85220.23720359802,85188.79038333893,85255.46576786041,85267.10773849487,85195.43378543854,85141.94295406342,85138.23106861115,85289.58726787567,85077.89102745056,85186.57081317902]