trainLoss: [307574.4157862663,307561.12594515085,307558.4545850754,307557.1583631635,307557.1862652302,307557.1488597393,307557.29052621126,307557.3471274972,307557.4086871743,307557.0778016448,307557.2823083401,307557.1560637951,307557.11234104633,307557.1840355396,307557.18589663506,307557.3183954358,307557.34849119186,307557.10709041357,307557.2130622268,307557.1244671345]
testLoss: [84601.31506538391,84940.08169746399,85083.3130159378,85261.65736293793,85271.6661491394,85243.9254951477,85200.03680610657,85179.92542362213,85192.84526062012,85299.64845561981,85309.51257801056,85218.58693313599,85282.66248989105,85278.28893756866,85219.64692687988,85172.87960910797,85196.94629192352,85254.37235736847,85212.16483688354,85281.05758190155]