trainLoss: [536603.3629219532,531262.8479038477,524321.0759820938,515949.87542402744,507937.91180086136,500760.14792084694,494546.191190958,489183.34057950974,484571.65682530403,480706.2516634464,477249.2174668312,474506.7792311907,472068.1559770107,469674.913241148,467607.1383290291,465918.12409484386,464386.4049152136,463189.56179463863,461736.080650568,460640.72124767303]
testLoss: [78993.9895772934,75666.98801994324,72009.3301486969,69312.13738441467,67049.34074020386,63849.56908750534,62934.86435461044,62764.74767065048,59924.41523504257,58881.621415138245,57972.0559425354,57117.018003463745,59880.282596588135,56611.23491477966,59614.13936710358,57003.86008453369,54820.5957403183,57189.55836677551,56162.86708879471,55426.282109737396]