trainLoss: [301272.8282574415,216487.53224098682,206484.68694356084,204681.37599256635,203693.5388738215,203059.7899043858,202598.5472984612,202217.54597991705,201878.62357664108,201569.4918577373,201258.74467635155,200954.51388642192,200689.60647261143,200461.96602153778,200276.5967464149,200102.41030210257,199944.996573776,199793.70409166813,199646.3794155717,199504.66806349158]
testLoss: [85850.0160214901,77113.76438188553,76212.54762339592,76856.87702822685,75289.56454491615,77014.00628185272,74820.38140201569,72451.26472568512,74417.02513718605,73910.56356287003,73950.10656881332,75699.67417550087,74451.29713487625,73710.03683519363,73336.80099439621,73922.78068447113,73838.96069478989,74165.57665634155,73670.53983092308,73751.4312171936]