trainLoss: [361586.76610288024,250879.20779797435,246846.9153468609,245308.6324660778,244440.64632937312,243903.01779434085,243570.25909927487,243308.8548616171,243080.29985812306,242871.74501940608,242666.97221297026,242443.51818299294,242247.05540761352,242051.55257886648,241892.30809119344,241699.98813405633,241551.21952953935,241360.40642759204,241182.74353384972,241012.43820777535]
testLoss: [54794.84478998184,50051.9763712883,49748.293051958084,51848.371608257294,51322.85990142822,49596.043591976166,46999.45703125,50850.70027208328,50885.24913263321,50376.30934333801,48690.98810148239,49615.447115659714,49140.229506492615,48793.48271846771,49196.06229066849,48472.713145017624,49006.267441511154,48631.26523423195,50203.33347392082,46745.766340494156]