trainLoss: [267583.47836339474,211681.2024973631,201692.8281328678,196948.15635496378,193040.58473610878,189746.94476217031,186916.46451091766,184405.13929224014,182162.79365885258,180119.61666959524,178272.68154537678,176589.27215659618,175030.51595586538,173622.47597908974,171948.09992825985,163996.693228364,161235.8589887619,160770.3311780095,160477.46306085587,160271.54457342625]
testLoss: [70824.05591011047,43396.38542795181,44597.23314619064,43434.87493658066,45269.17751073837,45542.857404232025,46371.94599056244,45674.15724182129,47274.66402053833,49391.19680452347,50339.53733778,50400.06309890747,50027.3415555954,52367.62627315521,51108.020383358,54257.71255302429,56145.81905937195,55529.50802898407,55738.74252080917,54078.46454381943]