trainLoss: [547194.3806666136,534938.5336898565,534935.6768175364,534930.8912838697,534932.9805593491,534935.1835091114,534937.8703224659,534936.0527364016,534931.4972020388,534934.9569971561,534928.900185585,534928.9191105366,534936.8488504887,534939.1632547379,534940.2539668083,534934.847386241,534939.9078327417,534933.2807670832,534934.1309622526,534931.6928120852]
testLoss: [84335.44153213501,85503.29506778717,85133.45820236206,85414.42234134674,85155.66073894501,84957.64935874939,85411.7805261612,85706.73997879028,85419.09032440186,85533.37944316864,85144.96318531036,85066.21412467957,85444.58700084686,85573.78387641907,85442.64015579224,85177.12686824799,85367.86588573456,85413.05815792084,85600.89135360718,85571.19504928589]