trainLoss: [541604.5886113644,540470.1880146265,539598.2317460179,538817.9423297644,538144.7480167747,537784.1374566555,537607.5402183533,537477.5872223377,537371.4635317922,537277.137239635,537169.4374172091,537009.8472875953,536740.0915318131,536549.9246770144,536508.6623019576,536503.0129749179,536502.6822650433,536503.8840811849,536503.7812720537,536504.3834522367]
testLoss: [98359.22950458527,96730.12237644196,95177.34752941132,93547.74212837219,92182.16236019135,91535.69619655609,91086.77381515503,90707.21424484253,90370.62396621704,90021.63544559479,89521.53327083588,88591.84298324585,86692.1126089096,85399.74419879913,84940.33312511444,84768.42880630493,84707.81472969055,84701.45065021515,84686.24997520447,84681.47094249725]