trainLoss: [461583.8751407862,459964.17222929]
testLoss: [80998.35928344727,78669.6014674902]