trainLoss: [185386.38405770063,165393.29705265164]
testLoss: [70390.89739346504,50705.516900897026]