trainLoss: [256079.21969407797,217021.51695671678,202569.44296121597,201543.5844478011,200882.19303190708,200231.82050272822,199609.76877829432,199071.80133649707,198429.07212775946,197826.58395269513,197246.9094425738,196725.53383147717,196239.51657375693,195900.53113487363,195581.28118026257,195289.8307223916,194992.38700801134,194710.26259630919,194468.4687513411,194210.87792345881]
testLoss: [83287.81168270111,64329.3612909317,59756.015031814575,64878.083748817444,62141.27454042435,64150.714247226715,64297.91294193268,61917.16347980499,62050.31125450134,60496.97799491882,64874.300082206726,61179.0151386261,54609.8271522522,56445.179216861725,62677.849126815796,60894.00831413269,57965.59492301941,55618.82900714874,60739.21614408493,58720.77097082138]