trainLoss: [557.5139265309474,444.5238056264106,435.05327496346393,429.6379963361534,427.07538980769505,425.1923977356048,423.8530020662174,422.65464711697996,421.67801353908646,420.559205288644]
testLoss: [532.9795060636181,487.7042865386807,514.3514885288432,515.1468157656211,516.6619955575779,518.6750223959859,513.158436453264,521.429379521512,522.4274833616905,535.9955682849189]