trainLoss: [49.33611810029986,47.456635813191085,46.82699049409023,46.429147265806705,46.086963387762374,45.80129612315752,45.5437038517488,45.27953635062388,44.97858221259767,44.60792581433046,44.09948892665053,43.32231072844986,42.155566947165134,40.501498058032176,38.451698877428,36.356593193278044,34.38311138029447,32.10331579410361,29.765005897606663,27.462689617341887]
testLoss: [52.8130805933917,57.394651896191384,57.25386281930215,52.434626959743554,51.291704558082955,52.604908561671685,54.65289834449631,55.24581978491872,54.15646227508725,55.38687019183738,54.14244735737642,55.85900317054046,57.2128954865111,57.051275809199254,61.10533295990082,62.8954503922696,61.921076914183,57.30744913770848,53.39196620376864,57.24875952498025]