trainLoss: [560844.4007236958,553465.5864081383]
testLoss: [73621.4585146904,70300.1177816391]