trainLoss: [267397.6956728101,266954.4229917526,266952.860688746,266953.2867679596,266951.60257929564,266952.7780455947,266951.38491243124,266950.98095458746,266959.61527371407,266951.14134538174,266949.7620707154,266949.6460464597,266948.4412009716,266947.76404196024,256126.83222150803,216060.92336672544,215270.56868332624,215021.40324616432,214843.7803439498,214819.53838688135]
testLoss: [91033.93069934845,91032.1797914505,91028.87396526337,91025.57612514496,91024.72262001038,91021.8965806961,91022.40875434875,91022.84219932556,91020.79642677307,91020.07591533661,91020.93534088135,91019.36637592316,91018.81306171417,91018.67447662354,106501.32045078278,107211.53673553467,105385.41993427277,104722.66240787506,108637.54764270782,113940.20723247528]