trainLoss: [47.45051198552399,46.126704643944564,45.357074355597746,44.56126553180329,43.530621610687355,42.25472717293476,40.61543670808924,38.63156271910857,36.42328332927624,34.14564824515539,31.98696455492574,30.21187195668846,29.333633925663985,28.581606725731852,27.586037815175764,26.575921319527616,25.66739159842372,24.837070289621145,23.900855166685666,22.953016748358817]
testLoss: [101.76744062291016,101.82652903426444,103.68342103620145,105.78530654202852,105.75891004189825,104.54798636825,101.70529592511438,105.6420815415885,109.91759723920815,119.20090026368713,128.19644961952682,121.77826695688225,93.90003634470489,107.33099617461203,159.42868264510577,178.08263282292495,157.74084494967067,158.14165714527564,183.09220677238673,238.34576103471593]