trainLoss: [287257.20426756144,285892.39066183567,284721.96645361185,283723.1518408656,282876.3528499603,282169.37893140316,281586.3334762454,281115.67357701063,280745.58875614405,280461.0274014473,280249.9617699981,280102.14295363426,280004.34686130285,279943.7995490432,279909.09500300884,279891.1998422742,279882.897775352,279879.38240766525,279877.976898551,279877.48069131374]
testLoss: [82837.79288291931,80830.86600828171,78957.59793949127,77194.92853498459,75537.3549618721,73984.91731500626,72545.50641155243,71211.19300556183,69987.96579170227,68873.02203130722,67874.96541881561,67015.90187358856,66290.43987941742,65697.01158475876,65234.34743976593,64882.59232187271,64666.51118898392,64518.097970962524,64414.25813102722,64364.68272829056]