trainLoss: [450.9941601319271,426.43156226550724,420.26933558494375,415.1917081577587,411.6252860715216,409.21348668765603,407.47848121018933,405.94780625010793,404.48176201737317,403.22878081715646,401.6789363608474,400.0126942275162,398.1069263440923,395.8512003035623,392.9684679161636,389.3063218104735,384.95141040894174,379.44609701751097,372.9200715866117,365.998913137779]
testLoss: [227.35480122241106,250.50004003047943,256.39068726301196,266.97166673866184,294.2975870392539,296.47375800609586,302.0730226299979,304.8136568454179,317.9941964615475,330.2588935445655,328.8831407194788,328.08234594193374,321.64922960454766,321.5285064778545,311.64983032074844,313.02952274571766,307.5124591545625,323.76500422358515,324.4120898880742,351.5994620263576]