trainLoss: [450522.8072679639,447853.0388221741,445848.4866233468,444382.69049584866,443360.87793314457,442698.40529054403,442309.5111196637,442110.2228078246,442026.22695463896,441998.8197758794,441991.55236810446,441989.7957687378,441989.8406870365,441989.5947842002,441989.65740031004,441989.7703742385,441989.84908539057,441989.6397923827,441989.6303780079,441989.5877417326]
testLoss: [68389.67884159088,71209.12345600128,73860.800822258,76335.89302253723,78582.6276884079,80563.27656269073,82206.4016160965,83446.58942222595,84293.74746608734,84750.87152671814,84997.79122447968,85162.78157997131,85168.97623252869,85185.94587230682,85159.32837677002,85117.44040298462,85164.95667743683,85210.51069545746,85183.09846305847,85178.73571968079]