trainLoss: [317133.2836372256,310067.03445500135]
testLoss: [104749.26955962181,93033.08844828606]