trainLoss: [437280.1458898783,430559.3681060076,419296.8407895565,404012.92794549465,388750.1402468085,375918.40426909924,365345.8475036025,356115.80275315046,348227.76261919737,341647.74444794655,336395.09851050377,332192.8469231725,328902.7611810565,326265.2270063758,324124.5678834915,322484.25919532776,321101.5859633684,320006.86837106943,319118.9919118881,318342.7548716068]
testLoss: [81130.37905693054,77539.2639799118,74275.2126865387,73293.277510643,73512.5909872055,70977.80760765076,71825.15418434143,72196.81985378265,71897.69780635834,74038.41770648956,72526.43894863129,69775.09375858307,72380.88779354095,70481.66579246521,71259.43782711029,69008.49538230896,71334.0251493454,70383.69657039642,69544.43720531464,72597.94077014923]