trainLoss: [391208.89857411385,258534.99682444334,249030.31341290474,247983.8776396513,247381.2518569827,246995.44797879457,246639.7808648348,246428.5144894123,246223.86070388556,246216.91488051414,246032.48656773567,245990.2075739503,245904.0559860468,245878.2797355652,245825.56782096624,245782.14870893955,245697.77067148685,245659.05529791117,245617.93832588196,245583.35494709015]
testLoss: [17555.94448554516,20441.10294316709,23275.2944213897,21635.786433443427,21741.893009200692,21756.819484382868,21579.43344718218,20466.660691410303,20563.689080685377,21061.98003652692,21725.811990126967,23098.83804421127,20937.172816857696,21427.4323669672,21743.567437574267,21725.796504125,22453.002389132977,20162.73428979516,21197.499471142888,20778.911477833986]