trainLoss: [310320.52576988935,309631.0978410244,309375.7124532461,309302.43905723095,309286.25327181816,309283.9788405895,309283.79598653316,309283.7874817252,309283.63076645136,309283.66099119186,309283.69670027494,309283.6633016467,309283.6888525486,309283.5963565707,309283.74401682615,309283.70062851906,309283.7467969656,309283.7674433589,309283.72936820984,309283.76898026466]
testLoss: [78461.91458749771,81215.54567241669,82958.74226474762,83903.17960572243,84354.55227184296,84460.60455608368,84546.50429964066,84556.03624105453,84612.28825163841,84594.24831080437,84591.16112804413,84581.13021278381,84600.56231164932,84620.1378633976,84643.6710627079,84595.92234969139,84582.44052696228,84555.05768203735,84562.29736447334,84560.58230400085]