trainLoss: [325815.2938363552,323953.0006854534,322753.32556551695,321782.38475102186,321015.95656079054,320425.35284912586,319985.20541626215,319671.02765512466,319457.81362080574,319323.83714175224,319246.2890239954,319207.00125306845,319188.655875504,319181.4411750436,319178.75441741943,319177.9909286499,319177.8144093752,319177.7548850775,319177.7385427356,319177.7086971998]
testLoss: [79774.11543416977,77635.22562789917,75647.22076654434,73817.2573504448,72146.93889951706,70636.6875090599,69283.72382974625,68095.45235395432,67069.24838256836,66226.34359407425,65577.77495718002,65101.3345375061,64760.70368146896,64547.44136047363,64425.03854370117,64337.36407995224,64315.229875564575,64291.62216901779,64280.485429763794,64266.842128276825]