trainLoss: [508.8599910649422,475.6165545353879,465.55004962273233,455.9654755919808,453.24094945456955,451.478647900706,449.80622434497013,448.24115259920586,446.63014500162313,444.9979470756885,443.0530905005141,440.339441034823,436.364890157151,430.27954903969356,420.8515658078924,406.99985170357763,388.6277786261101,371.7497670339228,358.5100187079425,340.1994678747244]
testLoss: [1050.3003855992195,1055.8349527027024,1086.2005877981699,916.6113031440696,906.9025655225959,893.5236475637486,916.8956053475308,959.1646379613599,1000.754408529678,1017.5169502590285,1022.2365447594676,982.7715101262858,970.9988250590341,985.2049662592107,970.1840377678704,1002.0209046914134,1026.091453377244,1124.1974485270505,1224.3906894974236,909.1366376928812]