trainLoss: [291120.0867780745,239327.0342721641,237724.98598572612,236939.26201283932,236315.26991656423,235777.63600325584,235773.72725057602,235007.38621029258,234884.1228121221,234083.2020751834,233558.10656398535,233016.7464146316,232679.55912524462,232080.08696237206,231834.90273427963,231393.33035373688,230905.6994370818,230583.87213236094,230369.40202453732,230016.568015337]
testLoss: [51595.49893903732,62556.10072231293,61902.04393672943,46900.23032236099,52575.725043296814,62069.86949825287,55298.66238117218,59293.05374002457,49379.5351023674,64311.66440439224,55365.442000865936,51849.70668840408,55524.89377593994,53281.94074201584,58335.15512752533,62408.3695602417,61574.58388710022,52255.61158943176,58432.94125413895,54438.708012104034]