trainLoss: [307371.5921622515,256306.03235134482,243015.27118378878,232380.9374359995,206210.71257936954,205030.63355100155,203424.14456605166,202736.10799990594,202234.29293770716,201795.58261146396,201528.99096810818,202028.216478765,201197.14700973034,200739.56049370766,200658.7087019831,200505.5895151794,200456.85197103024,200299.94916772842,200410.45818960667,200397.93273124844]
testLoss: [101440.91232299805,103591.35477924347,100652.92435073853,88114.36727523804,94643.02467060089,71404.42282962799,72426.98948478699,71770.8442811966,73453.27007579803,67488.37586116791,84507.01562690735,63093.83083820343,74518.4746761322,70355.15989398956,73453.97632884979,70928.53104686737,70058.96091938019,77355.9434928894,61975.91426038742,69795.84612560272]