trainLoss: [684.4010379554559,632.6621970857743,630.3265507518871,629.0575336213772,628.1830417255785,627.4999084824458,626.9429891717091,626.4974882006645,626.1011678107774,625.5998556661352,625.0897298834676,624.6093009372328,624.1590694566269,623.7142876159204,623.2473406914556,622.7729711539689,622.2812855988741,621.7880208392564,621.3294692776332,620.8110759455459]
testLoss: [431.21118232228537,480.7989813720638,459.21565413393756,471.06174207817423,485.93589528419756,496.70488552613693,512.2613888919353,524.8460981377146,524.1532184787771,520.7022801656615,521.1181379442866,522.4753855591471,515.4674659414725,516.9019497139888,510.0689107271758,513.577159050107,517.2263129475442,513.2566183968024,512.7324053325436,508.22878763648595]