trainLoss: [222.76843083286596,207.52475940433203,205.32024774457895,203.00200683026532,200.72306707349478,198.33722609164667,195.81685847168654,193.2006028486233,190.42658006170996,187.3791791006241,184.32646444697005,181.0743886888027,177.60666055338444,174.0644098115318,170.3194195901062,166.5230494955786,162.6577001612171,158.6497840276341,154.4980101587823,150.20797493699328]
testLoss: [220.25465300690894,209.99004128774007,232.64451690187641,220.00689367032518,217.9851874856388,223.34866366666907,228.39353895748363,240.9508767558079,243.18660686717314,245.99204336802165,250.55564007478603,250.97197188957065,259.29842734617347,265.08030742196473,275.8972390717151,291.6782912534826,296.2008127960504,309.78360082588944,308.2466888988719,297.76173563564527]