trainLoss: [252118.6696254015,222982.72868329287,219936.04285609722,217902.70682317019,215759.10300415754,213747.59439134598,212025.1458439827,210497.3423242569,208951.22957205772,207187.01454496384,205812.09569999576,204497.75148761272,203138.68288594484,201604.61859607697,200410.72127732635,199192.6038505733,197612.3521336913,196386.4545431435,195205.8887563944,194253.40376242995]
testLoss: [25641.32983005047,25842.423511356115,27004.346979409456,32981.65370231867,26440.737413033843,33056.89315608144,27385.598388016224,33873.329540252686,32821.29433700442,34671.87861946225,30898.733584344387,35721.23547500372,35188.51535362005,42861.621154785156,46542.40460887551,43745.9082134366,40684.935650378466,43104.250351428986,55807.00441899896,46841.29108977318]