trainLoss: [710.6869524935117,501.49043224484495,438.2163417721788,430.16184691259497,424.86923208492686,422.51966170871106,421.3034761430361,420.4058339060499,419.1180744860035,418.6869420104684]
testLoss: [656.6378702756971,475.97901010859846,647.7889734790768,640.0920498669147,596.4267961244251,627.7432459821534,641.8174247707045,603.1966147322295,599.4728003282879,596.9279682237742]