trainLoss: [451046.64586770535,362967.52556347847,361938.2719191313,361272.7871608734,360687.66401445866,360293.8774622679,359869.71970903873,359444.4353835583,359126.3838131428,358944.82475602627,358715.3431777954,358446.98299491405,358322.72605216503,358098.0576668978,357810.06136250496,357690.57069051266,357503.5968235731,357309.6419787407,357140.5451711416,357043.4473735094]
testLoss: [84865.79576945305,83076.07453656197,82054.16746473312,83091.20064556599,83463.91442376375,83152.15922862291,84509.06729990244,83094.21353459358,82660.71991276741,83439.92573267221,82770.33803480864,84266.88733178377,83494.59667032957,84054.46594339609,83090.03210419416,82877.3365470767,83717.83190196753,83325.91029071808,83830.08422362804,84710.18817937374]