trainLoss: [271192.14237880707,271152.4817738533,271152.79281806946,271151.8918578625,227832.9896326065,215381.10259103775,215019.62815696,214904.16996783018,214671.74902117252,214542.32617390156,214434.81728965044,214245.8702301979,214150.84991264343,213920.11287939548,213811.07080316544,213714.1176725626,213734.33364582062,213619.50439548492,213464.31081318855,213401.3192871809]
testLoss: [90444.51418972015,90445.29230594635,90443.96351337433,90443.22345352173,100670.75309467316,99520.12771224976,100962.0540304184,99857.88983726501,99977.6615524292,99841.49627304077,102744.43731403351,101527.8568572998,102196.46856117249,101087.11636257172,99516.38309955597,105011.64879989624,103473.49920463562,104007.83287715912,100584.62872982025,102303.0256061554]