trainLoss: [873.6172512292088,823.9089204689125,814.2053320088944,808.0174105932186,804.2491294505534,800.9027961788627,797.9271253691478,794.3278197019905,790.3341917494288,785.718984322037,780.3726597004122,774.0360640204959,766.7681098131391,758.2968584622655,748.353074965268,736.6857075960605,722.8451860621378,705.9236247455145,686.6642541428278,671.6717332661926]
testLoss: [1031.3918813834268,1008.1037740736239,967.0820927020042,937.1051295772676,916.5656021370041,891.2477151630386,910.0772194343228,899.3565534126374,836.3014239257382,910.7093634415057,890.8115325818138,938.3980959823054,869.071477056511,902.6657018159666,802.230740444314,990.3285692453385,949.4079344618705,1013.7728267077476,1244.2233598355324,1475.0512704849243]