trainLoss: [318982.93534725904,318982.86765927076]
testLoss: [77903.50498437881,77903.50498437881]