trainLoss: [289769.17401242256,236907.86861491203,234691.1929140389,233237.3598884642,232528.7826257944,232107.73698461056,231692.32122910023,231303.59887969494,230970.13934397697,230578.7290649712,230319.07591205835,229902.6908442378,229579.28351527452,229290.5731945932,229152.09763935208,228847.48025366664,228631.8962381184,228516.31047785282,228298.3335351944,228183.82248204947]
testLoss: [65099.14136791229,66020.6090464592,65912.04544353485,62207.60246229172,63693.86971092224,60329.446541786194,62299.23907136917,62055.84120082855,64246.923389434814,66700.09048843384,62547.006048202515,64462.8641910553,64381.52143764496,62412.65009307861,68343.96812438965,67180.05852603912,64404.93209171295,58060.780225753784,62259.53133773804,65615.13268184662]