trainLoss: [276064.109113574,274594.08642470837,273706.9155804515,273192.75901287794,272932.6996361017,272823.461348176,272787.40382725,272777.9395341873,272776.0463255048,272775.6464485526,272775.6513004899,272775.642203331,272775.69763845205,272775.6911494136,272775.6278042793,272775.5488162041,272775.60047113895,272775.56844317913,272775.65449017286,272775.5970956087]
testLoss: [98781.63175845146,94858.74091720581,91641.19777083397,89087.81920218468,87203.01678657532,85990.03325152397,85292.45566606522,84937.48896312714,84812.2413675785,84773.41302967072,84760.748234272,84704.96281003952,84702.98449420929,84680.79043078423,84642.04416060448,84633.74812602997,84680.61893296242,84688.8104505539,84703.27741193771,84684.75764226913]