trainLoss: [307341.2908039093,306591.6641972661]
testLoss: [85348.82969474792,85165.5343132019]