trainLoss: [189498.92430186272,166489.76749569178]
testLoss: [64995.25420284271,48624.88569164276]