trainLoss: [279696.6562882662,278963.90134352446]
testLoss: [64265.73767232895,62413.67119932175]