trainLoss: [323271.7012949586,320839.8470916152,319891.4118183255,319424.64996796846,319244.375464201,319191.5309981704,319179.8966228366,319178.1063477993,319177.89650052786,319177.85833084583,319177.9521574378,319177.83493977785,319177.9283785224,319177.86008274555,319177.91777712107,319177.9064851403,319177.91674023867,319177.88724660873,319177.9553371668,319177.7580444813]
testLoss: [55363.05146598816,58078.09715461731,60399.424864292145,62126.22169160843,63247.49389362335,63850.008363723755,64094.279098033905,64210.78647136688,64256.499138355255,64260.08594083786,64269.546429634094,64246.06450891495,64280.13532495499,64254.94079351425,64291.991022109985,64271.265498161316,64288.47246360779,64283.26822471619,64307.61858510971,64329.141515254974]