trainLoss: [396225.3694012165,294752.8533273339,255514.9556736946,250469.62145519257,249504.68086534739,248449.377425313,247496.9670715928,246886.20602691174,246328.51425522566,245680.89017629623,245074.0913425088,244554.51578688622,244214.71412026882,243894.8943912983,243207.4765125513,242983.98093008995,242687.29427301884,242395.45976352692,242142.77066075802,241930.39574968815]
testLoss: [41526.55814141035,37788.543193370104,30543.579966425896,30993.40798842907,36178.825693666935,29492.5203281343,33864.83158814907,24560.256395727396,27305.902108341455,24260.124979689717,25768.402795433998,28053.476375102997,25398.123510822654,30400.74237921834,25315.996589928865,22522.770894616842,28605.269531816244,20111.96973209083,25910.764469370246,25247.72453507781]