trainLoss: [510.845711807225,408.4120412986488,402.57416097066823,397.4049099643338,392.82744694889544,390.0723533459166,388.2786322094183,386.6235165985182,385.08173674479764,383.1589355119999]
testLoss: [429.2579379095542,406.2703348313341,429.53383205643553,366.52812411433814,379.75149239905625,413.6746759049545,424.73489817601956,436.6723121315833,443.51080385422864,481.1956186732709]