trainLoss: [218879.40365877748,172922.91717797518,167588.8704124987,166988.12494015694,166599.99162328243,166217.64352458715,165830.44690546393,165453.88386428356,165104.14127123356,164716.8469105661,164592.8133239448,164322.04762977362,164102.68090951443,163910.53151497245,163503.47845831513,162754.77288275957,162173.76896333694,161599.52780023217,161249.35290828347,160875.14534020424]
testLoss: [33668.39638376236,37048.315141916275,44859.807448625565,38540.6237282753,40567.04335975647,32974.18162441254,41432.05198574066,36658.97292280197,37462.16250514984,35215.23527812958,35939.00063920021,34510.340633392334,38485.395104408264,40134.31000781059,34622.727387428284,39447.5033185482,40038.845851659775,38414.66230368614,37834.6696395874,40999.08939051628]