trainLoss: [271155.4443975687,270926.6847721338,270778.3805953264,270736.80975687504,270726.2724728584,270724.4944102764,270725.1357488632,270723.8725191355,270723.51442313194,270724.0043822527,270723.4715179205,270723.5320287943,270723.9070265293,270724.7254830599,270724.26231110096,270725.26922404766,270723.83642852306,270724.9821804762,270722.6885859966,270724.20015382767]
testLoss: [89564.31780529022,87481.03573513031,85819.66445446014,85144.15589237213,84765.07433891296,84623.24107170105,84601.42049121857,84659.29856395721,84651.387758255,84615.66069793701,84595.18976211548,84523.06501674652,84543.5206823349,84524.98651599884,84521.04250717163,84496.99125480652,84558.09915733337,84564.04914188385,84591.83642673492,84608.73907661438]