trainLoss: [325064.7072825134,288708.355001837,281889.97418028116,273744.67799016833,267688.5947031379,262267.5216612518,256973.93714478612,252430.66923508048,249338.44570580125,246017.76870709658,244150.88830655813,241717.99772247672,239868.61220493913,238186.59188741446,236663.31687489152,235278.69674697518,234201.8859717846,233221.10194268823,232621.52213290334,231806.3184284866]
testLoss: [78720.02306580544,43374.71383988857,40871.59567427635,51389.94587790966,50873.80690360069,57225.676789045334,54467.49700331688,59813.487216115,50533.64255011082,47472.63594841957,56640.974044799805,53734.62762916088,46671.87892818451,54688.77033054829,62745.75200676918,60282.76391041279,57331.76250183582,55506.786635398865,55157.56519603729,63702.05810761452]