trainLoss: [310664.18930888176,310507.00976729393,310505.74792695045,310505.9234673381,310506.0241006613,310505.97668522596,310505.8757252097,310505.6674607396,310505.7823385,310505.6943151355,310505.7127816081,310505.67756432295,310505.67756432295,310505.67756432295,310505.67756432295,310505.67756432295,310505.67756432295,310505.67756432295,310505.67756432295,310505.67756432295]
testLoss: [90446.6815443039,90444.4039106369,90443.99747753143,90443.21926689148,90442.92085838318,90442.70510864258,90442.39800071716,90442.43808841705,90442.03967380524,90442.20760345459,90441.84436798096,90441.84436798096,90441.84436798096,90441.84436798096,90441.84436798096,90441.84436798096,90441.84436798096,90441.84436798096,90441.84436798096,90441.84436798096]