trainLoss: [284335.5022261739,232487.64332985878]
testLoss: [93680.26724529266,89937.15975761414]