trainLoss: [318463.01002442837,316199.7236458063,314509.9763253331,313230.9116051793,312250.40632355213,311472.8430047631,310841.0673511028,310322.3968091011,309915.7284157872,309605.8814919591,309360.6568980813,309146.1663206816,308913.6398141384,308609.0014092326,308171.9250012636,307550.4959118366,306700.9350762367,305617.1813670993,304285.576841414,302709.0015552044]
testLoss: [109913.33015727997,106347.97758245468,103343.74140024185,100808.88392782211,98646.93247437477,96800.69004440308,95233.96776080132,93887.83655238152,92812.58993911743,92014.4207251072,91319.19708704948,90875.83628821373,90532.31788396835,90194.49134540558,89916.09352207184,89643.04894661903,89091.18223953247,88724.7979388237,88273.01221036911,87461.28156495094]