trainLoss: [255489.36580646038,182911.87294095755]
testLoss: [87934.17652416229,53182.95015668869]