trainLoss: [320400.10257071257,319641.86279439926,319117.22090762854,318483.8671966195,318480.43677282333,318479.1350802183,318478.1241797209,318484.66410446167,318481.90100485086,318482.8035465479,318480.16713136435,318481.0857294798,318480.0967581272,318479.24585682154,318482.33045709133,318482.85788971186,318479.99739664793,318479.01942658424,318484.65655481815,318483.61450755596]
testLoss: [81591.42280840874,79746.75338977575,73000.46985596418,72925.23568826914,72830.98913437128,72834.43017655611,72806.58308315277,72816.09249329567,72742.57422888279,72748.93109977245,72904.09407377243,72836.03229576349,72866.92280638218,72826.72880214453,72816.59305614233,73058.77971315384,72838.41836589575,72759.50429010391,72818.250613451,72895.47067075968]