trainLoss: [739.2048157059245,695.0412069797379,692.4880466852743,690.7409216072688,689.4183827911046,688.2143421765046,687.0838357043225,686.0521627245012,685.0652424444926,684.0972198484485,683.1129381214903,682.1420483688855,681.2217635050808,680.3132891842043,679.3554063103112,678.4045606377404,677.3928555991641,676.3414290675047,675.2422100111996,674.140868711137]
testLoss: [1111.2769831865064,1001.1505605255404,941.986328959465,946.6222431736608,990.5500955404774,997.4308276318735,995.9854586478202,992.0303476918128,996.7793103018115,1005.5979125645853,1005.1974708372546,1006.3387568946807,1011.7907642779812,1014.4857609045121,1008.9035353929766,1007.8474293581901,1005.1987500094598,1004.6454572900649,1001.9151588609142,1005.7564390113276]