trainLoss: [282900.3979039192,282900.3979039192]
testLoss: [77903.50498437881,77903.50498437881]