trainLoss: [326833.50814938545,317952.37315273285,283786.36511558294,275410.0724363327,269277.3104863763,263836.66432982683,259068.2240923047,254614.74643200636,250562.48771470785,246763.14413708448,243110.26344025135,239421.6443297863,236299.25728863478,233404.38255620003,230752.57645899057,228265.0010867715,226454.88255929947,224404.32796257734,222484.7200574577,221066.27580809593]
testLoss: [57903.87749427557,33962.9997061491,28865.019266873598,30592.033148109913,29973.885077118874,31849.611596137285,35095.85599759221,29380.243023335934,37493.367613732815,37373.019278526306,36312.68019977212,35209.002778708935,41149.98514780402,37422.545927912,42256.6256685555,37737.998425513506,30109.022171616554,42119.19576475024,37501.11137205362,37661.227780252695]