trainLoss: [309811.5131198764,309776.6836440563,309776.5055861473,309776.4867568016,309776.4867568016,309776.4867568016,309776.4867568016,309776.4867568016,309776.4867568016,309776.4867568016,309776.4867568016,309776.4867568016,309776.4867568016,309776.4867568016,309776.4867568016,309776.4867568016,309776.4867568016,309776.4867568016,309776.4867568016,309776.4867568016]
testLoss: [90451.90500330925,90450.5019543171,90450.16213417053,90450.16213417053,90450.16213417053,90450.16213417053,90450.16213417053,90450.16213417053,90450.16213417053,90450.16213417053,90450.16213417053,90450.16213417053,90450.16213417053,90450.16213417053,90450.16213417053,90450.16213417053,90450.16213417053,90450.16213417053,90450.16213417053,90450.16213417053]