trainLoss: [447526.3407828808,442074.813218832,438545.069873333,433042.2032069564,425325.5041270852,416199.44860833883,406598.80586493015,397130.1617140174,387745.69047760963,378921.2123076916,371151.9336426854,364274.37297683954,357947.2463039756,352335.30871379375,347275.51312220097,342694.4309040308,338762.94589555264,335195.0560491085,331962.33830946684,329045.95939677954]
testLoss: [96015.62678694725,90843.15119552612,86320.92476201057,82371.2209303379,79253.60958385468,77007.27011013031,75461.05103731155,73211.0694861412,70835.87197065353,69549.49533820152,69075.61968445778,68321.85101675987,69265.56830883026,68718.27439880371,68412.60926365852,68527.2272195816,67937.6813313961,68341.6636595726,67789.73374843597,68539.62943696976]