trainLoss: [555432.5235557556,555183.0915164351,555181.278989613,497888.4764187336,443598.2343286276,442596.31201916933,442031.5639448762,441487.17394942045,440893.2751544714,440424.0083218813,439876.00875478983,439512.42304992676,439192.47664904594,438838.02341395617,438582.2095358372,438343.4648371339,438148.9259108305,437967.16213810444,437798.868893981,437692.2111057639]
testLoss: [68760.49718904495,68758.45853662491,68756.72863912582,92151.39130210876,101674.02544593811,98233.10880756378,101952.42983531952,99073.75074338913,92403.34908485413,99258.46581602097,97548.93207406998,94769.6054520607,91985.94155216217,92150.29168462753,92704.01596450806,92581.50585889816,94895.62798786163,91449.03485012054,94748.6422715187,90473.7269949913]