trainLoss: [241.42854684062158,228.9085652182329,225.60655876891718,223.01274766807975,220.93406685865895,218.62400169371875,215.7130218397779,212.16890140876328,208.17426917069557,204.0651357262678,199.79763385612532,195.4477181639117,190.96900798231874,186.31082098597378,181.45859357376688,176.54474039944176,171.55651172954603,166.41268608134502,161.25964503364054,158.44081005836406]
testLoss: [283.16832273520674,289.39558036981845,279.851975440979,279.87992516592436,284.0890433722851,287.88184812255935,310.4994453458225,347.4243032217026,378.83405293670353,403.0127534165102,416.8347688328986,435.82781269223085,443.2478021116818,448.56572794914246,446.83390407562257,456.6456429799398,469.52045993991925,477.1769036984911,520.6871294582592,559.6989466190338]