trainLoss: [312038.3933213353,293490.8899413347,283843.068703115,276080.02672219276,269074.4536238313,262666.1187385917,256705.41644126177,251182.8459454775,246059.45131587982,241354.17173725367,237010.26507771015,233026.23823076487,229305.08470082283,225903.62713745236,222736.28171491623,219793.46218949556,217101.81693699956,214564.24373838305,212220.26115494967,210099.0701006353]
testLoss: [138848.37914323807,138190.01575231552,131686.01223945618,126632.63129639626,121800.8682076931,119330.18015789986,116783.95396256447,110542.0048866272,109228.21565032005,101242.71250009537,107295.08358716965,96770.88785839081,99548.92653131485,97155.61090111732,93505.80973505974,92454.33429789543,89653.03167366982,87391.76151394844,86612.86176419258,81875.02539777756]