trainLoss: [300940.244392395,237369.7133512497,229134.03865993023,223441.80277246237,218872.37291154265,215001.6258738935,211781.35653549433,209318.04593154788,207521.71572449803,206262.44624185562,205433.62779051065,204869.9287700355,204430.25172114372,204040.33196988702,203693.32602360845,203368.54081112146,203030.5742354393,202729.43833252788,202451.93468925357,202251.76718607545]
testLoss: [53203.71962738037,53471.22930049896,54195.9047293663,55292.13153743744,54764.505264759064,57459.1944937706,58703.1020822525,57390.817883491516,61237.56731367111,59726.448293209076,59454.83014297485,60821.45024681091,60474.7402381897,61808.78840923309,60288.215651512146,62428.50009202957,61076.10731983185,62439.338363170624,61230.76893234253,62268.481457710266]