trainLoss: [256661.38207036257,210988.6757981181,199978.04766497016,196062.85502946377,192186.33559447527,189822.42705917358,187220.6700092256,185357.17346066236,183592.38399851322,181832.3305527866,180353.98037397861,178835.97026363015,177276.79923009872,176031.94622057676,174789.3801664412,174221.50875994563,172955.23177310824,171850.14206394553,171062.2996838987,170037.8640189767]
testLoss: [62291.01053464413,35602.85946679115,28842.38929271698,52788.74184560776,43278.314133644104,44252.773748636246,42665.95695781708,64716.61558699608,51111.82226669788,62407.534326672554,57369.617206811905,51622.734808564186,60292.97039973736,49789.84963166714,49554.275653123856,42530.898943185806,48571.7950745821,52298.39938592911,64900.04332840443,50049.40569829941]