trainLoss: [560201.6627058387,557425.7774614692,555765.2219497561,554876.7081068754,554482.1619485021,554351.888926208,554319.2881327271,554313.5521540046,554312.821834147,554313.0647568107,554312.8789163828,554312.9526969194,554312.8351138234,554312.9284982681,554312.9347180128,554312.986721158,554312.8092333674,554312.9735724926,554313.0133503675,554313.03699404]
testLoss: [74399.49057626724,71324.3373003006,68849.02851104736,66938.61264514923,65654.45513439178,64939.39449548721,64567.97993993759,64427.39539861679,64351.70395183563,64329.90528726578,64354.508885383606,64324.73202466965,64386.83484220505,64347.88609743118,64344.539734363556,64329.34606552124,64338.2807059288,64339.298800468445,64405.801339149475,64408.520236968994]