trainLoss: [272813.146910727,272781.3558585048,272776.57683718204,272776.88144266605,272775.4933806658,272775.08793622255,272776.98929679394,272775.4985855222,272775.3020416498,272777.314678669,272774.1217150688,272776.67742979527,272775.41684395075,272777.0136038661,272776.8547209501,272775.71414750814,272776.1652903557,272776.43435138464,272774.4665310383,272777.85417586565]
testLoss: [85546.86854529381,84802.42784285545,84647.04314851761,84555.43165755272,84623.12712526321,84527.87829136848,84501.91831040382,84658.93926429749,84629.51788973808,84586.8195283413,84608.67703843117,84575.4232969284,84531.98783111572,84620.44143128395,84611.3822901249,84563.3607969284,84630.15995001793,84651.41566896439,84695.18409609795,84583.9135890007]