trainLoss: [446035.8106979728,444532.37196594477]
testLoss: [93343.93614053726,92103.2669262886]