trainLoss: [540742.7404184341,538093.2103110552,536461.8156366348,535558.4390151501,535137.8287246227,534983.843542099,534939.2559775114,534928.9060665369,534927.9784806967,534927.8546550274,534927.8041661978,534927.8902230263,534927.9762547016,534927.6684536934,534927.7751715183,534927.8199750185,534928.0138171911,534927.7182456255,534928.0760623217,534927.8510674238]
testLoss: [98751.41536808014,94772.81558513641,91517.84542369843,88989.89441585541,87226.0550994873,86163.59732627869,85610.37582206726,85308.57472801208,85263.43238449097,85264.86300945282,85231.28132247925,85268.47684669495,85229.79934024811,85261.53313159943,85250.47636890411,85205.25315189362,85161.93881893158,85253.05865859985,85233.22894763947,85257.41199207306]