trainLoss: [240408.46164178848,213727.62982606888,207882.2607782781,203357.04738000035,199264.58922362328,195700.8702379465,192338.79800525308,189363.5889132321,186513.88817724586,184088.88339179754,181939.0681243837,179895.18963259459,177999.02256432176,176221.2047751248,174758.70468860865,173464.39851439,172225.07906240225,171177.21966087818,170128.16414183378,169056.39884260297]
testLoss: [67260.02666759491,64309.66577243805,65028.50401735306,59881.042468070984,57616.20577144623,58101.59599304199,56509.61020183563,50092.83016872406,59672.372557640076,52802.62887763977,48576.24767971039,51792.875121593475,44973.29393744469,44229.621992111206,44113.57677578926,44345.77625846863,46380.23487615585,40028.48148107529,44833.73575234413,41081.93862581253]