trainLoss: [394985.81415489316,329700.97825986147,323625.4430786967,320703.9681008756,318037.9715876281,315324.2724055648,313275.75767859817,312054.0845964253,311104.2902712822,310494.3238514364,309917.798471421,309354.45586267114,308815.0964156389,308426.5732693076,308056.30023649335,307678.7419952452,307300.0492103994,306913.00134295225,306585.63902795315,306260.620924592]
testLoss: [69381.73723316193,73212.36442279816,75587.20580863953,82430.1637582779,67932.19122219086,71745.5554895401,71842.26157569885,77368.7677974701,69698.06633758545,78714.0670595169,74275.17711639404,73469.79633235931,66919.14289283752,68615.75596427917,73274.67984390259,72971.42126274109,70823.39192771912,73386.62892436981,74235.88132858276,66552.08638858795]