trainLoss: [233914.86284774542,171987.5680576563]
testLoss: [33001.070166140795,31602.923085302114]