trainLoss: [258886.42494270205,206651.00866645575,203427.46320721507,202329.0010739863,201866.10089322925,201354.80631422997,200872.56547102332,200231.87452802062,199583.35056182742,198928.71462085843,198354.1720712483,197972.36816683412,197603.592618078,197208.81455802917,196885.8872152269,196601.4382493198,196331.09920877218,196084.3111744523,195851.32632407546,195704.85105210543]
testLoss: [64930.637115478516,65309.66691303253,64411.89941883087,61624.186767578125,61490.08711051941,60856.251472473145,59256.98482322693,58638.58249425888,61076.36983251572,65990.99373054504,64354.516384124756,59527.30195188522,57394.24432325363,62410.8940410614,60418.106140613556,58192.48089361191,61849.51908493042,63705.35849094391,53302.67095708847,63323.96527957916]