trainLoss: [371973.8985951841,278041.1930773556]
testLoss: [89161.92588710785,62031.4104347229]