trainLoss: [233641.99702507257,189802.32167178392,186274.14005368948,183552.0403420031,181133.04232499003,178984.1053480804,176961.9665518999,175122.9120272398,173309.0493451059,171651.4459926486,170118.49891600013,168632.72928768396,167275.54911878705,165990.393163383,164772.5649588108,163642.7974154055,162567.35588172078,161589.07307994366,160615.88669764996,159767.06669861078]
testLoss: [44817.59712553024,47121.40363121033,44245.802557468414,46100.15475654602,50353.07508993149,46381.49987745285,49110.775179862976,47385.88410234451,50043.26841211319,52697.75484800339,50254.326922893524,51224.41685771942,55149.095866680145,52254.71881532669,48918.52931642532,53297.21306800842,47271.154918670654,51287.28596544266,51861.53697872162,48505.42547273636]