trainLoss: [541582.9389151931,541077.194026351,541076.8006078005,541073.4501456618,541084.5458415151,541070.8402482867,541066.0938836932,541064.363720119,499682.46995574236,424433.74135684967,422496.5671117604,421357.4625342488,420196.1583162546,419197.52092915773,418533.4596661329,418161.865783453,417865.17254799604,417611.02507811785,417337.7198600173,417124.7678785324]
testLoss: [90461.10822868347,90456.77044200897,90453.45500516891,90450.25323367119,90466.34487557411,90451.83428788185,90450.23995399475,90450.46468544006,102072.24157238007,104704.98419690132,103855.92676782608,104270.96857881546,104338.07657814026,104808.07276535034,105719.67033958435,106034.40273952484,105569.15936565399,107656.69881343842,107797.48581910133,106010.52659034729]