trainLoss: [312983.33863574266,247180.6058984697,245428.69918233156,244708.38529002666,244187.12085312605,243912.9533468783,243792.08023944497,243666.82982853055,243588.70793041587,243507.89465290308,243364.76986125112,243332.01694121957,243253.29415768385,243176.69461220503,243067.0098090768,243048.6162905693,242945.51793378592,242938.9724624157,242866.19291627407,242820.9639787972]
testLoss: [54649.172674655914,51834.097685813904,50400.264927864075,47995.33721232414,49519.84893774986,46467.24116253853,51157.51121425629,50473.078701496124,48385.04271697998,49344.24075245857,49874.06947803497,48149.66677212715,47753.37934231758,51042.42215394974,47582.83210659027,50674.40338754654,46244.43115758896,49491.69975876808,47040.61617898941,49873.531901836395]