trainLoss: [271254.4113121033,204384.7573004961,201382.63309916854,200678.2420410514,200329.79786238074,200154.33541232347,200038.44856721163,199927.8579595685,199749.90045636892,199623.53367838264,199423.49518603086,199213.25718799233,199026.52725809813,198757.20131242275,198473.75136229396,198160.11620131135,197814.60729166865,197449.151373595,197175.31275874376,196812.77049961686]
testLoss: [70999.70156669617,72021.7623796463,72732.344176054,75104.3589398861,73542.82564163208,73114.08640408516,73721.81474971771,75396.70395040512,77160.10743045807,73749.84407281876,75985.58416199684,74700.14528989792,70030.87422204018,71861.81304693222,74543.9914047718,74274.88167023659,76058.10402464867,75124.53224039078,80024.71857833862,72736.171875]