trainLoss: [589060.3312125206,575305.2830942869,566424.7485740185,561252.320864439,558890.4354410172,558203.2831106186,558107.1981220245,558101.9869127274,558101.9560011625,558101.8119404316,558101.392634511,558101.9544844627,558101.7966572046,558101.732010603,558101.784229517,558101.8266447783,558101.8523072004,558101.6978816986,558101.8492635489,558101.8073393106]
testLoss: [101354.90693491697,92797.12201333046,85544.4869683981,79718.74008077383,75650.86533534527,73614.82288450003,72989.18938666582,72913.08044946194,72854.59537285566,72863.35254329443,72964.11375308037,72879.89846134186,72849.25204372406,72914.80647057295,72827.33973956108,72945.72217100859,72949.78826344013,72818.3326472044,72831.79065555334,72904.24661308527]