trainLoss: [541717.2419154048,535990.8896894455]
testLoss: [94068.15951156616,89686.34671115875]