trainLoss: [272781.2834827304,272776.03945171833,217434.75002723932,164868.51847818494,162446.96856352687,161511.1959283352,161073.73140913248,160743.2554434836,160564.9121619165,160437.85736709833,160311.41800960898,160225.3887990713,160145.43649539351,160139.78085535765,160066.30944791436,159960.74228560925,159902.11984062195,159892.92868572474,159891.38817849755,159838.49986955523]
testLoss: [84885.05192422867,84685.73694229126,55908.0621522665,59492.14580094814,59757.358493328094,58639.81220138073,59114.16412305832,60576.55024111271,63170.81860768795,57378.80963695049,63834.53515589237,63456.605719447136,61349.47872412205,65374.60775637627,61885.677317380905,60638.86389195919,61893.64973509312,59901.853946089745,62785.949357271194,61494.43064248562]