trainLoss: [517.5314561635826,438.7274155278115,436.87385076322374,435.8567510648138,434.964899199176,434.0900948936013,433.23183858531297,432.43415659871073,431.6740826032724,431.01463159322736]
testLoss: [324.1328002628955,318.13776724514634,325.52736392454665,325.6018605286425,316.12547380917454,311.50982275219127,314.8813873635097,322.37110612148587,328.3125428187576,333.19436214329164]