trainLoss: [442436.6708691716,439154.3123924136,435276.83879721165,430214.68945509195,423891.63714569807,416383.1395791769,408319.70173734426,400122.58425474167,391984.8421652317,384310.7489506006,377169.62783139944,370471.531594038,364307.5922720432,358636.0230996609,353452.7564432621,348840.8605645299,344616.56413441896,340888.7582294941,337522.8807992339,334662.17128401995]
testLoss: [83221.60306358337,80127.9243338108,78667.11078500748,75473.30658459663,76032.45407176018,76562.25992393494,75126.78145170212,72992.79692220688,75313.5525560379,71736.84541225433,71962.70845365524,72457.0557858944,70986.25241279602,68000.83166623116,69503.55784916878,68420.82047462463,66540.99707818031,65229.59911584854,61371.527690291405,67936.87598800659]