trainLoss: [690.3342317616627,629.1749712430574,626.9442406024808,625.8967970731212,625.0242846895667,624.3468197552986,623.8012512585696,623.3420928415909,622.9437065643423,622.6153139507069,622.2077689412373,621.7789165108811,621.3356843764486,620.8595417095945,620.4480601715886,619.9603351236169,619.4933378003002,619.013090156418,618.5403280742808,618.0306248452928]
testLoss: [600.0624331717397,603.7235709713955,767.4121988296508,733.8428987054264,711.7331431557151,710.6259471107932,722.2355557161219,732.4799060036154,735.442944874483,728.4739212597118,719.1700997296501,722.6293322843663,708.1277666765101,706.3289245044484,696.0742500417373,697.0853023865644,689.8221887756796,687.5018666379592,689.325540559432,680.006111313315]