trainLoss: [415.88283187506215,375.40622777121746,369.8682902599802,365.50777898154513,361.532518630983,357.72146770902816,354.0789726155483,350.2921295239831,346.3265974840976,342.09296398529943]
testLoss: [482.75346833361044,452.00203586316536,464.2809142311237,463.59747468403407,437.7210001243012,445.4520495134805,445.61049364060165,441.128902702885,449.3118843187179,482.62312681685603]