trainLoss: [541562.5838856697,537487.1102172136]
testLoss: [91552.91937923431,87283.7724647522]