trainLoss: [460181.800711751,460181.800711751,460181.800711751,460181.800711751,460181.800711751,460181.800711751,460181.800711751,460181.800711751,460181.800711751,460181.800711751,460181.800711751,460181.800711751,460181.800711751,460181.800711751,460181.800711751,460181.800711751,460181.800711751,460181.800711751,460181.800711751,460181.800711751]
testLoss: [77903.50503057241,77903.50503057241,77903.50503057241,77903.50503057241,77903.50503057241,77903.50503057241,77903.50503057241,77903.50503057241,77903.50503057241,77903.50503057241,77903.50503057241,77903.50503057241,77903.50503057241,77903.50503057241,77903.50503057241,77903.50503057241,77903.50503057241,77903.50503057241,77903.50503057241,77903.50503057241]