trainLoss: [399444.0349342227,361713.10107690096,351787.15462863445,343739.67960101366,336559.6929641664,330015.39187180996,323894.83438563347,318153.87558960915,312663.79072004557,307436.22782981396,302539.8533756137,297845.99170309305,293398.07273721695,289179.59735506773,285198.1401487887,281408.8418401778,277809.37556517124,274380.3007282913,271109.1293374896,268020.1361184716]
testLoss: [115887.51847743988,113027.73168182373,108535.72333908081,106307.80568695068,103451.75152301788,100287.66355705261,97568.01028823853,95219.70099163055,93259.56798839569,90184.29536342621,85542.05561351776,85030.83429527283,85353.13255786896,81208.49109363556,80203.91239738464,77298.22223377228,78163.07238864899,76285.28676319122,74854.00773048401,75563.73239994049]