trainLoss: [268876.8341076374,267744.51991415024,267042.2254488468,266561.2270281911,266077.91583794355,265353.3784605861,264236.095392406,262701.60250359774,260744.59257942438,258368.12387514114,255653.5173395872,252670.8824340105,249545.51947331429,246347.95941507816,243162.04910683632,240050.95167541504,236981.50780647993,234054.70152300596,231219.8249861598,228509.532366395]
testLoss: [98285.47364521027,95533.09416675568,93590.37750816345,92228.70505714417,90852.08473205566,89206.11329650879,87335.55324268341,85422.28682994843,84140.05402088165,82502.63200569153,81324.87475204468,80255.61951732635,79003.10649204254,78189.02458286285,76958.559425354,76120.34729480743,75190.99728488922,74492.58254051208,73944.82510948181,72333.83728790283]