trainLoss: [871.2508101066079,821.5926673643197,814.7727233795425,809.9129244510887,805.8695512191027,802.1060574753375,798.0716906591307,793.5795674006396,788.6505282737786,782.9169812703811,776.330177603945,768.3283701132747,759.6810706924412,751.1631133677839,742.329777065674,734.0233099956679,722.3073670913524,710.2163560695664,694.9310901926665,672.7771555240773]
testLoss: [1005.0799947076066,1087.4832296458094,1024.8029745758272,981.0939014113919,968.9458444423453,927.0394947057547,949.5095139935959,952.8325613543045,952.7084352401799,960.6698389122653,950.4148393009984,984.3961915068849,1036.189217166845,1111.3179404389027,1100.547711330791,936.6816584953042,954.8643037344134,1198.7951988785767,1305.5048673097479,1263.4827961145445]