trainLoss: [310505.1153654754,240730.5565108657,238997.87185052037,237424.98359632492,236574.86983904243,236081.3292376101,235649.30868706107,234613.0972763896,234651.5710579753,234079.12783506513,233771.18383431435,233102.32675370574,232944.8646478355,232166.60382047296,231913.39474469423,231595.7305096388,230919.54089534283,230466.58486318588,230035.08953982592,229758.25027513504]
testLoss: [70285.08976650238,57498.32773208618,76363.07616233826,69297.41941738129,64358.51608276367,67714.95887184143,58229.09785652161,65401.38107299805,56638.82857513428,50431.83743619919,66757.34100151062,69491.19766616821,63410.30610752106,65200.92477416992,60477.95740222931,57853.40400791168,62788.782153606415,66050.84348630905,70302.69755268097,65478.063067913055]