trainLoss: [259260.07849401236,175119.1602678597]
testLoss: [29402.015639930964,36164.39988952875]