trainLoss: [294948.003444612,287863.80807989836,284099.9909040928,282142.5661212206,281079.07858753204,280499.14977765083,280180.42942512035,280021.23216974735,279935.4833551645,279901.51046204567,279886.9112997055,279889.74193811417,279879.08986622095,279882.94536685944,279882.4528785348,279884.84861308336,279887.10010266304,279885.9716796875,279881.5166580081,279877.63791561127]
testLoss: [88536.67759609222,81306.08469772339,76449.24291992188,73044.50043725967,70539.98157072067,68687.52355337143,67264.19629001617,66201.5597281456,65461.92286968231,64948.509143829346,64669.04571676254,64483.16216516495,64364.15585613251,64310.28597640991,64318.559317588806,64314.549013614655,64274.03804540634,64325.448516368866,64351.232378959656,64361.195972919464]