trainLoss: [49.87887632537815,46.68753259803576,46.20578402343799,45.87897848056059,45.657440086584145,45.49690179377943,45.35285603408799,45.21988805040999,45.09795126918544,44.9894099056483,44.8851198870425,44.77167426319802,44.65513669636884,44.52461443589787,44.39930465360463,44.2680668877759,44.12362750190443,43.97828639398068,43.83219256303603,43.661656843243186]
testLoss: [59.01555241437666,59.93313419651605,59.274993362255834,57.84086337535843,58.27530846349603,58.53557855966775,57.64781850878806,55.947573520071515,58.55005883684419,58.59181493652948,58.05352751975331,58.169029753961986,59.655275068001124,59.67692105029801,62.84791956958818,63.070103825073616,63.64237761605604,62.691593270617375,62.33616420758121,62.907659799105254]