trainLoss: [365356.58866626024,254063.202678442]
testLoss: [24255.97655121982,22118.34152160585]