trainLoss: [310505.67756432295,310505.67756432295]
testLoss: [90441.84436798096,90441.84436798096]