trainLoss: [554446.6766160727,554318.7120978832]
testLoss: [65085.119320869446,64508.477850914]