trainLoss: [551778.728687942,546806.643635869,543146.9753478765,539826.17589432,536016.6706063151,531696.409509182,527049.4003209472,522132.87625324726,516984.3127948046,511964.1427705288,507167.52692848444,502767.3373129964,498757.52206230164,495070.1795449853,491680.0654043555,488600.2405939698,485775.48443073034,483153.4084133506,480734.0042074919,478523.70923525095]
testLoss: [106615.52582263947,102959.903028965,100631.04606103897,99473.69763422012,98839.83704900742,98629.76941037178,98576.39089465141,99117.29150867462,99492.07570290565,99476.65093970299,99553.75074696541,100091.4138276577,99985.30687189102,99856.81280636787,99726.93709945679,99491.7248017788,99096.63696098328,99237.50990200043,99114.18194413185,99119.84185791016]