trainLoss: [240338.205886513,172462.51149135828,168449.8266632557,166505.52504354715,165688.5043822527,165306.42830613256,165042.6968407333,164866.41884204745,164721.2074392438,164645.4404939413,164594.12277761102,164545.48854848742,164536.8345284462,164458.65189772844,164390.03667625785,164353.23404935002,164322.1439690888,164296.73743233085,164234.48501849174,164199.05191886425]
testLoss: [41727.62228322029,42849.8771109581,40089.31732606888,35701.391478061676,37877.044447898865,37696.38168096542,38158.379360198975,38439.61741018295,39317.00747537613,37559.46481180191,40975.72225689888,38452.71589422226,40373.51585149765,40251.87270092964,39886.7764415741,38111.486309051514,39984.58535552025,39749.92939710617,39459.97271704674,41360.830792188644]