trainLoss: [294636.195633173,252472.1661517024,248449.18332064152,245907.13863748312,243425.9159234166,241453.76727986336,239956.34293419123,237931.85635346174,236379.70777624846,234674.049428761,233387.82248306274,231767.83621186018,230563.63471066952,229234.8927874267,228110.69911965728,226877.26875042915,225813.98959046602,224646.81986021996,223827.03028532863,222845.04496032]
testLoss: [133128.31498372555,136201.89263868332,115997.91498541832,118049.6504086256,132583.68738687038,110753.64790803194,108551.93061870337,120270.92429995537,130194.26954376698,127624.22247469425,126445.5397285223,117909.01452827454,123718.6167523861,123084.07909059525,134521.86857795715,137543.1076799631,147188.57539355755,154088.27046835423,135021.94759070873,147303.51658988]