trainLoss: [541161.718927145,540318.5597201586]
testLoss: [81659.09693622589,83929.01893782616]