trainLoss: [312132.74288237095,248598.83638235927,246086.06800594926,245038.5740299523,244349.96883052588,243778.17895388603,243290.7811808288,242990.71527302265,242704.3839508593,242390.52344432473,242108.75516566634,241896.2806777656,241655.71955645084,241463.91842758656,241302.09817919135,241043.76036390662,240858.10456618667,240680.15487900376,240489.19533094764,240284.99917405844]
testLoss: [51685.056550979614,52796.0138463974,50144.980275154114,52697.31548023224,47611.355422735214,46923.05766773224,48989.661929130554,48045.743626117706,47105.1466588974,46893.145471572876,46772.6462225914,50809.81027507782,47301.86289024353,51766.60380887985,45759.27990579605,47178.34786391258,47745.24511575699,49343.40206718445,45775.13627386093,47972.62725710869]