trainLoss: [898.9140837007099,832.5698384193034,823.9159001551423,816.7641606877831,811.0574806961358,807.1375921967762,803.4545134578655,799.3519595951816,794.8642095800319,790.1140999353009,784.5978299721004,779.0114676923923,772.7861981988148,765.875051834556,759.5732584960905,751.8625204756223,744.3855620205062,736.1402199091328,729.0667341011801,720.0857328966553]
testLoss: [879.515016581331,902.185944388594,1102.9718837295259,897.6214492525373,929.6961944920677,957.8044641903468,979.2719117028373,972.5322035312653,1003.6720703056881,869.9204163142613,957.2912505626679,968.016064269202,998.4147322654724,876.8779205799103,870.32760181427,890.6431936740876,931.2115723609925,978.395684671402,931.2066064834595,902.9744323321751]