trainLoss: [684.2042560948239,624.4813981296056,621.6368026474953,620.2927360668838,619.2735068606507,618.5416098115137,617.9262388529452,617.4728680559364,617.0032619709671,616.5194132908645,616.0259610238382,615.5184086125053,615.0590038272647,614.5830495524137,614.0838468779685,613.6016199413444,613.1012694492916,612.5606753683264,611.997013179667,611.4408714593961]
testLoss: [680.5651254097312,690.9140694132111,713.2853192782123,678.7258678892707,658.4928184371978,658.6970364351681,655.1606462335772,661.9052834937545,656.2602845648383,656.6095386033855,657.5225658973367,656.6328651413379,655.8422845254148,655.7655830661611,663.513352526765,663.3182922123935,657.0388374597646,654.1021046712705,651.1003272162337,651.1363761193094]