trainLoss: [310706.4742037654,310508.2855041623,310507.53434848785,310505.9894426465,310505.83607262373,310505.67756432295,310505.67756432295,310505.67756432295,310505.67756432295,310505.67756432295,310505.67756432295,310505.67756432295,310505.67756432295,310505.67756432295,310505.67756432295,310505.67756432295,310505.67756432295,310505.67756432295,310505.67756432295,310505.67756432295]
testLoss: [90461.50593185425,90450.66687774658,90445.85731315613,90443.9266500473,90441.84436798096,90441.84436798096,90441.84436798096,90441.84436798096,90441.84436798096,90441.84436798096,90441.84436798096,90441.84436798096,90441.84436798096,90441.84436798096,90441.84436798096,90441.84436798096,90441.84436798096,90441.84436798096,90441.84436798096,90441.84436798096]