trainLoss: [318893.57320195436,317641.3889018297,316096.8468436003,313995.03235924244,311223.23787641525,307866.6726282239,303896.6981115341,299203.99965435266,294161.50818657875,289160.88147723675,284505.8561191559,280445.81313174963,276859.34760838747,273888.49095505476,271073.4310953617,268225.57613271475,265656.56369775534,262685.9370290041,259859.9041852355,257168.39137130976]
testLoss: [61551.88829374313,61081.47703886032,59625.253356933594,57621.631029605865,55883.45038986206,54386.39013814926,54001.225059986115,52565.242624759674,51637.49951314926,51654.1768450737,51375.1518330574,51626.81951522827,50439.45685386658,51496.76505088806,51384.32531309128,52067.15460109711,53001.36788606644,52828.29554128647,55389.160838127136,54354.87791442871]