trainLoss: [1171.1712201262542,935.0095511524046,921.7075801242445,913.8488215532929,908.2096559895955,904.2564121568296,900.8561429976422,897.5312198378286,893.9813994801416,890.4861577267244,886.0382427842386,881.4229309991814,875.7738836067869,869.5506152892206,862.4307368644021,853.3878655790354,844.8692209641382,833.768511037076,822.2107684958365,810.1172685924175]
testLoss: [832.526634751742,824.8752594379554,831.0048832844075,901.4815458682247,756.7512496194445,702.1099332969887,733.6083128230464,713.9877068530348,741.4652455856925,756.9130212568251,780.1092234090306,793.56923750872,796.1116432715628,768.7198355516097,752.8403056295294,723.0749433497738,742.301763829208,851.9312354154829,895.1152076277518,975.7349822428217]