trainLoss: [326663.26633524895,318626.184430778]
testLoss: [119257.66520237923,109305.715747118]