trainLoss: [744.1869437205911,700.2535230641371,697.5633080349749,696.0344525799735,695.0042376423107,694.0372090460992,693.041281334915,692.0682689355929,691.145846099457,690.2128955517317,689.2856304409838,688.3658024083918,687.4086795336545,686.37232729355,685.2850515256999,684.1637352864788,683.0206239551339,681.8701775188043,680.6625372430639,679.4379356976544]
testLoss: [522.2420259448616,591.3174364886501,568.6074141201648,549.9028160675006,541.9555067165331,537.8929395602509,534.6419425777414,535.930213740739,533.7676992261952,529.8276623579588,531.9249386811798,531.8712980454618,529.5826119962064,530.2803362773224,524.9136454151435,524.2938711843707,518.5403305275873,516.4861539724199,516.7387957391413,515.9267786475746]