trainLoss: [257272.52074483037,212549.7306908965,207894.37911218405,204228.36221033335,200970.41906055808,198030.23049026728,195254.91807937622,192677.2308858037,190282.48884028196,187998.5915082693,185881.67579632998,183882.49070471525,182004.60764336586,180213.95224002004,178548.8604671359,177084.90207722783,175611.2066731751,174289.7378781438,173065.01493778825,171909.73368546367]
testLoss: [24894.345283180475,27572.505945652723,28773.237264677882,33187.87464505434,31189.84127241373,33938.51006639004,33359.457996577024,33453.02169957757,34085.08873167634,36186.68178665638,35130.52090281248,36980.02119675279,37326.79365837574,36901.151246368885,34293.586742430925,38835.89829534292,38058.51732724905,37935.08152350783,36471.82017406821,39674.714659422636]