trainLoss: [407882.50607544184,310220.10626253486,300500.17147406936,294517.01367652416,289606.68293839693,286049.21874681115,284241.5021108389,283265.37634292245,282604.8183505535,282125.17115449905,281497.17100539804,281035.1741530001,280695.64552876353,280106.45293429494,279735.09382098913,279428.01297590137,279026.65991190076,278592.17159843445,278249.98609155416,277864.0775676966]
testLoss: [52383.70195579529,57026.91154539585,54180.57583606243,51332.922432899475,50701.06123185158,51034.78998541832,50997.14741015434,47727.662480831146,51082.59296107292,49998.40290212631,54765.67358338833,54154.440590023994,54306.32734191418,46567.467020154,54038.671813845634,51974.78097510338,51076.76083123684,51099.25356554985,57826.31979620457,51296.265654563904]