trainLoss: [314136.3775397539,308915.146538198,303848.239905715,298456.6115717888,293382.4536291361,289128.88239490986,285924.70857590437,283775.2938467264,282475.66702890396,281738.53736406565,280995.62233895063,280242.5218375325,279974.1868855357,279897.68065834045,279881.175860703,279878.68604141474,279877.620705843,279877.88437724113,279877.99217289686,279876.7172406912]
testLoss: [108934.59522247314,104981.60497951508,100299.20915603638,95202.18423318863,90129.74859142303,85382.19030809402,81218.68039608002,77830.42308950424,75175.32448482513,73158.0570063591,69615.93596315384,67092.11346387863,65641.280605793,64851.900111198425,64520.129846572876,64420.11476659775,64357.635939121246,64318.2000169754,64262.06337451935,64301.576431274414]