trainLoss: [316294.89499646425,308524.64186257124,301836.3820874095,294659.4268912077,287447.3672540784,280849.83676475286,275299.16755473614,270681.7817685008,266661.3867858052,263154.19564533234,260087.3370193243,257432.0640681982,255009.46656405926,252918.23422056437,251079.65023976564,249347.67327427864,247810.40857762098,246300.7876316905,244935.6626006961,243718.22226530313]
testLoss: [75505.14336961508,70797.85597908497,68175.5870423913,66721.33556449413,65591.75088083744,65357.40767908096,63431.043493151665,62382.942984461784,62026.106866538525,60436.86614871025,60301.72838938236,59219.50824391842,58557.264778614044,59401.13180541992,57692.89735156298,59138.35933667421,58523.805742144585,57475.94475710392,57975.797176510096,57103.53710544109]