trainLoss: [543078.542994082,540692.1673390269,540279.9972618818,540231.900799334,540171.7461177707,535507.9272292256,525288.9352232814,508627.2017086148,490033.05678349733,473446.87903285027,459047.36664664745,446697.2492309809,435987.0035201311,427374.02553391457,420446.6038174033,415211.64973539114,411308.5687838197,408264.98041403294,405920.85763537884,404164.0618427992]
testLoss: [78513.26669621468,82498.19484090805,84004.07659745216,84428.6243224144,83742.54409909248,79368.28006076813,76628.32354569435,76077.61426186562,74677.13168740273,76141.97512245178,75700.19794297218,79015.06487846375,76051.40545892715,80531.50096487999,76254.5413582325,75323.6725564003,80890.85355234146,79614.65789437294,75545.96459531784,80037.39215421677]