trainLoss: [307563.17011100054,307557.69906437397,307557.3084446192,307557.03313577175,307557.23555725813,307556.6053329706,307556.5727211237,307557.38980197906,307558.060166657,307558.10968214273,307557.05543488264,307558.10348522663,307556.8864682317,307557.609326303,307558.2717754245,307557.66913092136,307557.21535754204,307557.3143706918,307557.4616256952,307557.7371854782]
testLoss: [85448.99356365204,85222.77189254761,85147.49915122986,85102.20606899261,85079.2070760727,85139.20310306549,85141.13433456421,85139.68018913269,85109.18112659454,85150.96053981781,85118.26244926453,85134.75981998444,85073.6607170105,85141.08945941925,85175.06284809113,85186.40808391571,85152.03720378876,85144.78401851654,85127.77545261383,85094.34376430511]