trainLoss: [470927.92563050985,458379.43493777514]
testLoss: [117807.84785962105,107588.5095114708]