trainLoss: [319685.7188773155,319685.7188773155,319685.7188773155,319685.7188773155,319685.7188773155,319685.7188773155,319685.7188773155,319685.7188773155,319685.7188773155,319685.7188773155,319685.7188773155,319685.7188773155,319685.7188773155,319685.7188773155,319685.7188773155,319685.7188773155,319685.7188773155,319685.7188773155,319685.7188773155,319685.7188773155]
testLoss: [68754.65527009964,68754.65527009964,68754.65527009964,68754.65527009964,68754.65527009964,68754.65527009964,68754.65527009964,68754.65527009964,68754.65527009964,68754.65527009964,68754.65527009964,68754.65527009964,68754.65527009964,68754.65527009964,68754.65527009964,68754.65527009964,68754.65527009964,68754.65527009964,68754.65527009964,68754.65527009964]