trainLoss: [323090.5712670684,320065.9124248028,319205.9176469445,318815.6725369096,318328.2509588599,317410.20637470484,315804.3878648877,313377.3480132222,310251.9744362235,306449.6099719405,302131.669480741,297600.82485073805,293081.98232132196,288683.7117025852,284679.9945471287,280959.33585619926,277639.7357184887,274460.68056201935,271589.63858157396,268863.5511968136]
testLoss: [75725.85543298721,71673.82321071625,69990.67516565323,68943.22790431976,68261.21779108047,67454.40358066559,65666.01425218582,63855.3008556366,62166.167410850525,61163.48231267929,59586.376734256744,58818.28005695343,58338.905408382416,57051.957583904266,56620.27004480362,56425.44658231735,56034.91423416138,55410.97970199585,55727.42771911621,55419.70075798035]