trainLoss: [312776.8175790906,311765.4253678918,310992.48689329624,310412.57557690144,309992.9495674372,309703.64259570837,309515.85034006834,309400.48649567366,309337.5245540142,309306.169649601,309291.85864692926,309286.25609081984,309284.3684887886,309283.7784846425,309283.595477581,309283.36266970634,309283.5428752899,309283.47955322266,309283.55163395405,309283.65925741196]
testLoss: [99432.26046943665,96885.39690995216,94596.12494421005,92555.25702881813,90762.00782036781,89223.6398267746,87940.5174612999,86870.6704454422,86087.21320796013,85520.92425513268,85127.13800764084,84895.2686522007,84744.73847866058,84684.18845057487,84627.32097840309,84570.57638049126,84564.6314342022,84616.37519907951,84596.26001811028,84601.56568646431]