trainLoss: [318561.1557524204,281183.77351653576,253841.82986211777,249680.53151381016,246517.19489091635,244220.1685614586,242527.88159650564,240363.28755438328,238696.60636746883,236897.83121591806,235309.2648908496,233866.6469179392,232073.39166635275,230792.95372578502,229275.81276789308,228278.9197345376,226703.66009789705,225623.06453883648,224626.21481013298,223578.4353003502]
testLoss: [67018.61189764738,36713.55418661237,45152.87598949671,42153.02253165841,39850.10461637378,48551.80573835969,45590.87413176894,49782.8793823123,40934.291970580816,50185.53291338682,38381.479471594095,47385.771821051836,45067.45488089323,41104.81010791659,39117.99232286215,39244.84996545315,42869.13783428073,43230.47960078716,37959.56387910247,34235.491550803185]