trainLoss: [406996.0679553449,240953.48745796084,238029.46493664384,237178.35358706117,236666.17766565084,236411.1769578159,236101.11866897345,235875.45875120163,235641.94748985767,235453.38291046023,235244.78206920624,235219.7323399186,235018.59160667658,234988.24151933193,234905.98763734102,234812.467877388,234822.25550884008,234710.48854991794,234704.86616396904,234707.463078022]
testLoss: [72554.38140964508,63209.8645029068,72217.72626686096,63074.95504951477,64281.702231884,67494.93572759628,69606.74216747284,60163.12118768692,61981.139712810516,61508.6939702034,59231.67786359787,58636.57137012482,56486.16540431976,64878.066281318665,63024.465138435364,62948.67615890503,63834.475593566895,66812.22272968292,64008.189368247986,60585.60741186142]