trainLoss: [369620.85679489374,323792.2326787114,320157.7560265362,317755.66482150555,316041.6391429901,314769.8990724385,314264.4588202536,313339.54686686397,312799.71907404065,312178.47072553635,311566.42689970136,310816.05144777894,310158.9186447859,309487.6166265607,308833.32488310337,308347.17930966616,307885.4719797373,307409.39877957106,307071.00750264525,306885.93060928583]
testLoss: [107832.21520805359,89761.53427219391,92304.70151615143,80167.35628414154,83885.7127609253,73351.0830078125,88187.12136268616,88301.92947006226,87181.63031196594,87108.6860742569,74141.73369598389,87930.03484630585,89383.76953411102,82240.99059963226,78459.569647789,77758.21088218689,82422.89527320862,78782.38043689728,79711.00886440277,66106.49024391174]