trainLoss: [277704.26543700695,273418.50271332264,271552.5574584007,271070.8547502756,270874.0568933487,270781.3630570173,270745.98400330544,270732.8947535753,270726.0848636627,270728.00694048405,270725.1120070219,270726.4269760847,270724.89606916904,270729.1853145361,270728.7480094433,270730.1558008194,270726.5956349373,270730.4390411377,270723.3874140978,270726.2153249979]
testLoss: [104457.88235378265,95073.14349937439,90950.37568473816,88779.51206588745,87250.07485294342,86138.38132858276,85419.14463043213,85021.21658229828,84864.9028673172,84746.01980018616,84657.6323928833,84643.88047218323,84730.36684513092,84694.45743179321,84682.2511882782,84704.24983119965,84668.49056053162,84677.52149486542,84707.66791439056,84740.01483249664]