trainLoss: [260685.7913674116,185409.57549139857]
testLoss: [78163.88669610023,63783.60581445694]