trainLoss: [363672.1250318587,242091.41657325625]
testLoss: [63813.764807224274,63032.000259399414]