trainLoss: [282586.41981869936,282473.7244811654,282456.51007181406,282454.1073154807,282453.8617709875,282453.79924207926,282453.9176622033,282454.0777873397,282453.9501976967,282453.8304284215,282453.8074359894,282453.7396251559,282453.90014642477,282453.839586854,282453.9597545862,282453.88032090664,282453.8486570716,282453.74780768156,282453.89594995975,282453.8652680516]
testLoss: [71246.57598942518,72238.36325013638,72591.43000841141,72764.73617172241,72766.76908373833,72751.38741785288,72722.10809934139,72754.81089520454,72754.22887450457,72802.2368786335,72834.79641735554,72808.64026463032,72761.76555633545,72816.44472521544,72796.42206001282,72842.58633852005,72833.94329601526,72820.98373657465,72813.23845523596,72815.03533494473]