trainLoss: [319054.1512839198,318780.78949576616,318362.3562719822,317770.57774859667,317052.74364608526,316223.80652457476,315300.7665614486,314329.7369225621,313317.29222255945,312301.2981290221,311278.83861398697,310156.4523025155,309038.74162876606,307664.70607703924,305928.4473183155,303558.7617878318,300251.5072360635,295833.8050888181,290648.75405704975,285184.12732982635]
testLoss: [63862.903675079346,63724.04995393753,63314.57118034363,62617.92144012451,61466.562975883484,60296.765550136566,59280.81911087036,57716.79071331024,56680.19766283035,56155.85628890991,54763.905087947845,54944.410915374756,54021.94231414795,52706.959840774536,52006.79216480255,52518.89705657959,52250.752489089966,52726.03540420532,52156.383024692535,53890.26034975052]