trainLoss: [410152.6169937253,348859.51783794165,334214.17100661993,321714.7899132967,310818.50640821457,300977.970328629,292099.669644475,284181.7380168736,277164.08731785417,270860.0902323723,265409.7187939286,260506.17960858345,256285.99866598845,252611.48160630465,249404.05072781444,246762.49949511886,244455.68510475755,242482.68318209052,240904.9985294938,239537.55557125807]
testLoss: [46717.354874014854,44733.21222162247,47271.836434960365,41833.62442159653,45699.82685601711,47280.649312376976,48267.49095618725,52354.38878059387,49782.402039051056,51650.18063247204,49464.36520802975,48613.245166778564,48848.41664099693,55818.59067261219,56849.87741303444,56856.21146452427,58142.99884223938,55264.05224990845,58529.031819820404,54680.744916558266]