trainLoss: [1053.8808656675915,933.5926326040482,920.2577715517115,911.387602884779,905.298388269076,900.2589577097458,896.2836311704992,893.1774127270348,889.9989996407722,886.6470196840758,883.1031561469636,879.2451889374958,874.3769051857626,868.3799152545639,862.192250731543,854.2365364576397,845.3538652275436,837.2691081682432,823.6617651484813,809.4362481477813]
testLoss: [1019.2625571481643,1210.9526453310443,1274.479975976867,1169.1634527379467,1307.0180066227913,1289.1378312583893,1265.7236379046594,1384.9921194257274,1397.627302563575,1313.042825286619,1272.097860665475,1317.4933955903975,1235.2338826652497,1248.0131562294498,1212.2762265689912,1290.0577599156288,1313.666139676494,1406.5744457583273,1434.24885709055,1578.8244838007035]