trainLoss: [393825.70652604103,343135.93262410164,340250.90732860565,337624.3107661009,335777.6896573305,333546.95148193836,331794.18850940466,330188.39165502787,329503.69838285446,328327.4002287388,327209.90995687246,326556.9957740307,325812.44410818815,325311.61066669226,324971.0755639076,324600.4410585165,324139.1289715171,323767.73950982094,323632.9482446313,323319.0493721962]
testLoss: [47705.96744611859,42323.93281555176,49049.226731687784,53799.956546753645,50074.19886919856,46399.50349417329,47899.083354473114,43791.1718133986,44039.69913974404,35866.5512201488,37401.77033483982,42312.584897339344,45138.328505277634,48400.64074546099,46015.36316165328,39779.63339999318,38622.36872178316,45375.02583312988,47085.384479790926,39331.75309973955]