trainLoss: [362307.3105723262,307821.3752735257,297807.72780156136,289891.61442005634,283272.6622465849,277549.37230837345,272622.61114674807,268316.08970713615,264670.9868618846,261547.2989283204,258881.297793746,256631.65116769075,254803.25223076344,253276.2541332245,252072.13073301315,251011.7052487135,250175.23556238413,249556.81676000357,248988.98440372944,248549.57236719131]
testLoss: [16832.712374046445,17987.060456231236,17996.08518832922,19667.957496106625,19520.763944283128,19224.635677352548,19705.702676445246,19236.91417518258,19771.938666656613,20933.288094758987,21677.923141375184,20566.416715577245,19304.571821972728,21526.873543307185,22211.960933700204,20866.18605720997,22142.984492138028,20853.100174099207,21157.329140409827,21806.239775925875]