trainLoss: [556870.1047888994,554700.5061757565,554344.370316565,554314.6466047764,554313.2086857557,554313.2810972333,554312.5913775563,554313.2637609243,554313.0022038221,554313.1640557051,554313.1090517044,554313.2085477114,554312.9805880189,554313.1581376791,554312.904694736,554313.2474666834,554312.9651303291,554313.2561579347,554312.5487313867,554313.3176268935]
testLoss: [60200.40929508209,63069.31762075424,64078.43208503723,64350.360919475555,64428.50913524628,64433.09907579422,64320.33657550812,64451.743802547455,64508.57453918457,64499.77682876587,64452.536455631256,64470.77504205704,64508.84343910217,64385.32366895676,64471.12477016449,64436.979412555695,64401.836300849915,64407.137758255005,64530.55624437332,64514.44860267639]