trainLoss: [308888.3223872185,308184.11951977015,307527.21388083696,306640.4783040285,305470.89084649086,303979.94493716955,302119.5075775385,299902.5307171345,297335.8980770707,294655.9472400546,291854.89527899027,289047.0795056224,286307.78255313635,283615.4731339812,280992.76770067215,278454.39192169905,276011.2724199891,273658.7025179267,271424.2495715022,269236.10531532764]
testLoss: [87732.13716292381,87532.73051524162,87514.09947180748,87430.17213153839,87330.46407961845,87701.74151396751,87113.35774636269,86821.31019854546,87318.96692824364,86171.02932596207,86172.75268673897,85447.5092420578,85692.94374203682,85918.70664739609,84571.0357234478,84588.22010421753,85065.29786801338,84931.65684723854,84654.31946063042,84330.60193800926]