trainLoss: [256185.0422166586,211696.79662579298,206765.63630342484,198577.0620202124,173411.2735182941,170985.87018561363,170124.42614141107,169158.91700407863,168604.3339318335,168019.81278908253,168023.92289325595,167685.07867699862,167385.88579577208,167243.21559089422,166830.23456397653,166672.59696358442,166333.71493023634,166504.39269727468,166241.08787712455,165866.30664014816]
testLoss: [79199.06338834763,62645.893857479095,66673.83359336853,46869.211131095886,39988.22426915169,34114.847019433975,39684.908390045166,34631.33773756027,39040.365028619766,40225.64950633049,39177.16729617119,32652.984531402588,44698.96887779236,37908.64919877052,33213.772780418396,39768.10597157478,39717.41348075867,37585.235278606415,34578.97039747238,36010.14206314087]