trainLoss: [97.00248224150407,93.97076137005074,93.7494170262012,93.60608265909427,93.49506646465959,93.40249481651169,93.32358051958298,93.25427073085852,93.19212930265692,93.1342309899097,93.08633408148525,93.0338508017177,92.97937147278914,92.92469431317745,92.85582093575748,92.7807947218921,92.7030036914394,92.61212100867024,92.51650337265855,92.39982760800106]
testLoss: [99.07468107452013,104.17554176058987,107.30338901451961,109.57946517466432,111.16017352004597,112.47240471866562,113.37556334146447,113.6482491969849,112.473592586882,112.86725146724628,113.6947319379113,113.92399637243828,116.41184993858627,115.69946701640733,115.37936763110869,113.24574786781838,113.50680515457991,113.57618072660964,111.41819918539528,108.9776478858668]