trainLoss: [479.93931726524806,440.20161780286975,432.86292384279534,428.9209313712856,426.57928467866907,424.32988461479545,422.261944053655,419.79203324828376,418.045577939362,416.4318909975601]
testLoss: [383.4952298272401,367.87318073329516,396.5138513171114,376.1650998154655,399.34226559405215,386.18034239672124,376.49332386802416,346.25481059507,375.62592285708524,392.6259397091344]