trainLoss: [310939.34430885315,308477.43902254105]
testLoss: [102164.29376602173,98461.7402791977]