trainLoss: [272692.6145558357,271999.2657752633,271440.03241431713,270944.58454829454,270322.8289927244,269512.9833909273,268582.7302930355,267462.17699593306,265980.7074351311,264278.9552889466,262324.1451472044,259944.19548380375,257195.50974941254,254193.7835997343,250955.7853910923,247613.92454135418,244232.181368649,241021.0477721095,238330.9502120018,235754.02828615904]
testLoss: [79252.33157992363,78275.9005742073,77248.4118077755,81058.86571860313,84515.75867819786,80472.91826963425,81138.13386774063,79365.5990126133,76726.2562327385,75706.38264012337,77275.24829816818,75295.20146250725,74863.07245254517,75610.33008313179,71379.13830327988,71694.59981608391,69620.6053135395,69003.08702015877,68775.9391644001,69191.76273369789]