trainLoss: [255847.63062733412,233694.92137295008,227959.6741707325,223272.94484052062,218873.17969065905,214569.20722168684,210623.2066192031,207088.2266794443,203505.9428434968,200188.52644240856,197020.37644314766,193967.41943341494,191440.36619725823,189026.94166439772,186751.5462797284,184862.14769423008,182971.21928018332,181100.3402030468,179676.79958039522,178008.455065161]
testLoss: [18959.29576100409,16724.484391748905,18859.717069983482,23383.265822470188,26295.697902068496,25271.95037986338,22041.735373437405,26995.231039002538,30950.587152332067,33737.40357580781,25875.49656780064,30743.22355401516,32060.817038208246,37718.423961251974,35768.477781265974,37622.40541276336,36264.19982689619,37398.624513566494,40890.12540629506,41580.591029554605]