trainLoss: [394635.5624037087,270070.85153996944,237512.24349477887,235870.2752944231,234824.90592232347,234369.18252387643,234042.2419090271,233743.18774023652,233602.5705190599,233479.08101001382,233487.93920311332,233412.93432486057,233170.16826096177,233140.35705384612,233069.9851692617,232961.9766663313,232942.4247431755,233023.88922038674,232872.90643030405,232882.9418798387]
testLoss: [87103.69853520393,65229.117461681366,68216.60271954536,55425.204132556915,67739.42668914795,54785.83870089054,60988.80888557434,64080.025690317154,62846.240902900696,63239.54198908806,56461.98828303814,59802.229676008224,55800.14813089371,60141.313635230064,59650.6780949831,64966.739979982376,57931.986704826355,65340.53292679787,54909.966269373894,56881.20297706127]