trainLoss: [274058.4494782686,222919.85357445478,212837.2518002391,207515.5964331329,203078.70827955008,199277.61918193102,195997.42128431797,193135.51217368245,190568.57935032248,188228.6359423399,186090.79858857393,184111.41913187504,182285.54331681132,180619.4357264638,179115.89273020625,177748.59508630633,176513.36315512657,175394.3515100181,174375.00096213818,173470.00199094415]
testLoss: [45745.42272186279,32058.842434883118,32160.94478368759,32307.481697559357,33104.00519514084,33342.40998482704,34117.96143221855,35314.23096895218,36780.65862250328,36682.9899892807,36008.96900510788,35603.96003627777,36805.4042301178,36520.89223456383,36440.83978891373,37744.16661691666,36102.972101688385,36584.74962592125,37392.09042978287,38633.61259269714]