trainLoss: [267358.01521766186,267092.8975943327,266910.19607520103,266766.74897551537,266651.56580132246,266578.4288710356,266545.15589922667,266533.9870479703,266530.8446958661,266529.86496031284,266529.54107761383,266529.35376119614,266529.2143509984,266529.2364270091,266529.7257965207,266529.3265455961,266529.2797831893,266529.29361343384,266529.30402588844,266529.32333910465]
testLoss: [92647.87940979004,91293.95899963379,90101.96840953827,88874.86030483246,87615.18635845184,86578.5272026062,85897.01154518127,85536.47157001495,85343.83225440979,85209.33825874329,85153.7944059372,85083.46136951447,85102.0494298935,85066.14814186096,85085.5700416565,85105.5979385376,85098.56302833557,85085.93387126923,85029.33242511749,85059.35224056244]