trainLoss: [459622.5773078203,451424.59789419174,442116.54237890244,430418.3284987211,419194.21016955376,409599.7437387705,401590.88430702686,394441.51485419273,387989.6625022888,382091.8967239857,376677.0677527189,371695.19370281696,366940.9287600517,362476.6060295105,358299.2138905525,354393.8995256424,350787.4595222473,347556.95278453827,344580.94937586784,341875.1973196268]
testLoss: [59783.573729753494,59792.6184900403,58716.8828664422,56918.33906626701,54969.42081031203,53058.80472767353,50672.66837128997,48737.85019251704,48084.044439822435,46689.381610929966,46162.18000689149,45574.06492227316,44889.7241589725,44404.84119209647,44373.57315337658,43636.08072888851,43861.50813373923,43355.72949591279,43246.259616047144,43078.41711461544]