trainLoss: [566692.0239866972,559397.8337353468]
testLoss: [81561.17101216316,76944.27884042263]