trainLoss: [438676.75270697474,383100.78448823094,371609.0429036021,362241.29593521357,354626.2964826822,348263.21410372853,342935.60909971595,338519.7358651757,334802.181823045,331867.79063761234,329454.4001546204,327486.5726351142,325922.19706362486,324653.1671048403,323656.6427446306,322851.08944660425,321849.86145064235,320735.46578639746,319434.18201974034,318434.2096333802]
testLoss: [95242.34219551086,94527.8901090622,86442.86823654175,83298.15726184845,76827.96210861206,79454.09450817108,80734.59393405914,78117.56533432007,79650.74767017365,77438.40365791321,76538.53429698944,77141.26409435272,75241.57346820831,70855.45205688477,76893.89193344116,74362.30491924286,71351.34466648102,75415.04621315002,72618.34675216675,78860.130153656]