trainLoss: [402801.19778090715,337196.7310181856]
testLoss: [72815.22736978531,79223.33869743347]