trainLoss: [445833.61667096615,444926.16604959965,444923.49312859774,444922.4004769325,444920.266325891,444916.7990847826,443743.03065121174,353397.2385773659,347998.2713137865,347440.4671242237,347068.7772077918,346729.45061922073,346489.640380919,346321.21011149883,346142.913423121,345990.6093966365,345905.69538879395,345756.03313428164,345618.2075421214,345444.9856467843]
testLoss: [90472.69024896622,90464.6745967865,90457.72235751152,90455.82556605339,90453.18282580376,90450.55152702332,92827.71300983429,110863.08043193817,109372.3304848671,109232.16400790215,109313.77259039879,107676.69668316841,110350.21947288513,109455.77583575249,108446.44999575615,109510.74274468422,109083.2515566349,105185.65861201286,107524.26958870888,107198.10728144646]