trainLoss: [308802.89365005493,307421.4284106493,305767.8493620157,303624.9360217452,300751.3451895714,296961.4558419585,292221.10417073965,286987.3281843662,281306.1176546812,275568.1502518058,270181.7646429539,265358.1635248065,261216.90160787106,257571.9244827032,254321.92028719187,251397.15046042204,248684.19112992287,246278.47548031807,244084.27558225393,242019.164178133]
testLoss: [84976.4433066845,82496.05802321434,81056.96927189827,78630.48184895515,76415.56769037247,75388.64201235771,76610.46586585045,74264.03150367737,74863.63586187363,71515.84828090668,74948.42539381981,72747.11212205887,76613.45174908638,75891.15118741989,74802.50522947311,77135.833360672,78061.01085829735,77002.91516590118,80734.44795417786,81687.62913060188]