trainLoss: [276369.05582016706,242741.7789875865,237107.83963942528,232925.34186583757,229418.9325350225,226379.82067078352,223656.06252387166,221239.3712671399,219030.52932441235,217083.473841995,215259.59724724293,213662.33317795396,212184.62990781665,210920.68213301897,209738.44516786933,208719.6405080557,207792.21845412254,207019.65363708138,206287.19609236717,205673.61258077621]
testLoss: [59060.19417154789,59358.73946774006,56945.79477870464,61408.11655533314,64373.20205080509,62337.60977399349,66122.74666953087,61402.08079755306,68394.92059540749,64123.89837861061,67502.7714343071,65862.670327425,62465.423969864845,61053.929012060165,63686.12687277794,67080.25395345688,71092.68400835991,71862.76051473618,71457.10395216942,68224.41403985023]