trainLoss: [567287.328625083,561316.6154495478,558836.1151442528,558186.0768008232,558104.3029305935,558101.8623239994,558101.8409930468,558101.748521328,558101.6805815697,558101.6370098591,558101.7343221903,558101.7082877159,558101.8473485708,558101.7205295563,558101.83104074,558101.7300554514,558101.8204141855,558101.8114171028,558101.7916175127,558101.7557193041]
testLoss: [85893.87520885468,79589.6188698411,75458.85290324688,73511.96094018221,72919.3078161478,72922.18825942278,72892.85503965616,72877.35342627764,72911.28258597851,72808.90606403351,72833.50400364399,72811.2611053586,72932.98212146759,72909.38803571463,72884.32446026802,72813.55328088999,72878.58632975817,72873.8060619235,72848.26601678133,72915.3715839386]