trainLoss: [286020.92456537485,239560.15764641762,232869.07619810104,228076.0005928278,225562.39434099197,223655.72802841663,222005.54116278887,220570.515797019,219185.9862908721,217952.29549133778,216754.15519845486,215650.47033202648,214654.9138930142,213642.31908851862,212768.0817168653,211859.62326470017,211013.22006341815,210222.51780033112,209538.08311736584,208797.99672317505]
testLoss: [85441.74490356445,85216.43756866455,83080.05663108826,81103.40369987488,81273.30996990204,79005.78708553314,81189.84369850159,75160.35837459564,73564.22703075409,73737.07664299011,73357.83510398865,74255.95612812042,70837.45618343353,71642.63960552216,71621.73431682587,70941.56971263885,69385.14563941956,67643.41299819946,71690.04175949097,66875.60691165924]