trainLoss: [283053.17864227295,282087.3234741092,281322.16171103716,280525.48511874676,279566.2796263099,278300.5541808009,276580.7860546112,274313.4322987199,271554.4624889493,268436.9569592476,265106.89343875647,261729.59488290548,258449.63071513176,255329.49760973454,252423.13141226768,249643.36719208956,247122.48358619213,244718.1196912527,242456.0343927741,240336.5353640914]
testLoss: [65715.4442896843,66717.82238614559,67411.18489414454,67680.76642382145,67506.21223473549,66992.21609026194,66341.06916075945,65499.844357192516,64629.236455619335,63696.05716210604,62354.446200847626,61076.709872365,59705.58218872547,58520.22967785597,57266.11822170019,55997.53769189119,55290.13228338957,54264.678628742695,53444.019216269255,52492.95459982753]