trainLoss: [556451.5343877077,554798.5113741755,438064.04615449905,337391.1262023151,335779.95268684626,334778.538007617,334106.79119080305,333520.7172535658,333124.1402733922,332593.99914479256,332108.000854671,331838.75015190244,331467.9175103903,331174.462995857,330990.8177319467,330750.84840738773,330583.5036613643,330422.6623942256,330289.4068516195,330206.4315571785]
testLoss: [69162.5910654068,66102.363986969,60481.522089481354,58047.44624757767,56216.688672065735,59929.85667848587,61452.73219680786,58504.649230480194,60297.42025899887,61144.11219596863,61690.96993589401,64269.702380657196,58787.16930437088,60622.794706344604,61255.870852947235,61735.37117624283,61220.16713094711,59226.24030637741,61955.60780239105,58854.6870303154]