trainLoss: [272508.0365154743,271947.66712510586,271480.7456128597,270960.62085312605,270385.56296896935,269776.12612086535,269103.1045336127,268395.35759049654,267613.6289601326,266769.1590347886,265861.93521898985,264845.73843210936,263715.68205696344,262531.33294832706,261196.13404214382,259824.30251318216,258307.35713148117,256843.9153253436,255247.60002410412,253503.8161353469]
testLoss: [83346.78931975365,81127.8596227169,79308.2946472168,78289.5637395382,77150.0956196785,76521.42854261398,75705.83460354805,75289.1626458168,73982.36124944687,73591.12275600433,72988.31432676315,72222.6326444149,71719.59333896637,71009.77817678452,69908.08820843697,69975.78593969345,69239.86192655563,69350.78862261772,69114.14688038826,68492.0990281105]