trainLoss: [323881.21019113064,321731.12148171663]
testLoss: [76435.51783800125,72822.39175367355]