trainLoss: [444919.392973125,444919.392973125,444919.392973125,444919.392973125,444919.392973125,444919.392973125,444919.392973125,444919.392973125,444919.392973125,444919.392973125,444919.392973125,444919.392973125,444919.392973125,444919.392973125,444919.392973125,444919.392973125,444919.392973125,444919.392973125,444919.392973125,444919.392973125]
testLoss: [90450.16213417053,90450.16213417053,90450.16213417053,90450.16213417053,90450.16213417053,90450.16213417053,90450.16213417053,90450.16213417053,90450.16213417053,90450.16213417053,90450.16213417053,90450.16213417053,90450.16213417053,90450.16213417053,90450.16213417053,90450.16213417053,90450.16213417053,90450.16213417053,90450.16213417053,90450.16213417053]