trainLoss: [488065.65668320656,442857.0387893319,422393.2229460478,405565.5225215554,390980.305106014,378365.23349019885,367206.1110844016,357701.80484592915,349808.1796684861,343508.77976861596,338486.5228305757,334417.66535687447,331215.21703985333,328572.3224591017,326551.5635750294,324803.99603030086,323377.83256304264,322213.3678551316,321283.0311509371,320359.564784199]
testLoss: [93146.278277874,88710.541949749,82812.32463407516,79644.2560300827,72940.16459703445,73182.02558469772,71069.82442474365,71361.28677511215,63333.032707214355,60574.72828626633,63495.596908569336,59835.22392129898,61825.16275501251,61407.55662584305,62004.79521083832,58584.64000272751,62092.45900297165,60464.3233089447,54044.40631580353,57893.39338541031]