trainLoss: [298982.6695524454,215637.27505886555,201878.4077270925,200812.53592050076,200490.10807526112,200332.9320472479,200192.94940328598,200080.32334250212,199920.36301252246,199730.01130762696,199492.56406247616,199242.939458102,198878.7431102693,198524.66219225526,198187.8028369844,197792.38065597415,197368.87628403306,196983.93317180872,196627.53696909547,196288.0294302106]
testLoss: [111856.90895223618,75949.89188289642,76528.03025507927,78476.47916984558,70546.08021306992,75459.38714790344,74589.5151746273,76682.16813015938,76230.21895766258,75267.62970376015,78864.62330269814,76884.37434124947,74838.10666799545,77712.84849739075,80284.84746980667,74963.18214321136,77873.01855301857,76398.52853441238,75927.09801959991,77385.21975874901]