trainLoss: [380247.4478790164,325740.39061534405,321743.28172785044,319783.9360806942,318575.848056376,317316.1762691736,315577.06545108557,314015.8496219516,312683.07078522444,311780.79989647865,311200.0112324953,310754.46128594875,310325.672568202,310082.5654796362,309676.0761036277,309440.85528582335,309149.69226437807,308796.6241130829,308698.06864362955,308405.31720018387]
testLoss: [50160.1171913147,50789.171872615814,51481.878244400024,53158.721148490906,45453.18152427673,48738.79648113251,47112.5203166008,53493.91220855713,50538.01620674133,44822.97371292114,47122.106464385986,49846.789234638214,49119.205389499664,50005.33367443085,49866.83479595184,49647.600714206696,47989.15786886215,55033.23360347748,48941.47467279434,49478.93764448166]