trainLoss: [267412.43929094076,266821.38829004765,266621.3227265477,266553.0149113536,266534.8725928068,266530.6699733138,266529.65401154757,266529.4855583906,266529.28823912144,266529.2689380646,266529.19707000256,266529.3373776078,266529.2986717224,266529.34435760975,266529.3270878196,266529.28202563524,266529.34575140476,266529.27110409737,266529.24482512474,266529.4074726105]
testLoss: [91343.49549388885,88725.47788906097,86992.90371608734,86006.93876838684,85551.15256786346,85333.17831611633,85209.03531742096,85177.66428852081,85167.50591468811,85096.43842029572,85158.13955593109,85135.18137359619,85119.87083053589,85130.14319896698,85109.84458065033,85116.42268562317,85085.33284854889,85096.56278419495,85088.50376319885,85105.2121257782]