trainLoss: [539968.2682306767,534724.1633025408,533604.7755855322,531855.5714981556,529199.55668962,525054.3362386227,518169.50124549866,508410.1654831171,497289.57934081554,486551.98219048977,476593.3017143011,467286.9911073446,458816.59875774384,451073.91843020916,444217.5190163851,438311.10841047764,433241.7645365,428876.42558789253,424628.51113176346,420106.1858524084]
testLoss: [77256.99973392487,81296.4761762619,80213.8027305603,77826.25209236145,75365.46039867401,73467.98035240173,72230.81291007996,71381.22311496735,70722.38454151154,69612.05720233917,68232.54934692383,67475.8866071701,65497.644658088684,64144.86049461365,62640.227662563324,62874.00072145462,62046.146763801575,62237.891305446625,63464.72998714447,63032.518330574036]