trainLoss: [552.4574954385428,426.21248799009544,420.9962089378583,418.1769675566962,415.94655002190876,413.80651163964677,411.8574105218445,410.3353890524491,409.0223590264195,408.0025019934695]
testLoss: [685.7895761598379,643.5957656082435,611.0839860416376,608.3010497459999,612.0527502099673,617.1850606883183,626.1832033849967,637.5065553861265,633.6238319175557,630.1684828175185]