trainLoss: [278769.29918158054,277277.1387284994,276115.0095869303,275098.2532454729,274227.80992388725,273478.42640292645,272846.6321297884,272325.15909588337,271903.02806067467,271567.80659902096,271303.7833470106,271101.07216084003,270956.8803884983,270860.47032928467,270797.8879457712,270763.0308022499,270742.21738028526,270731.60405755043,270726.59574866295,270724.91802966595]
testLoss: [63351.97290277481,65094.787556648254,66807.09927177429,68484.73997497559,70120.9201374054,71715.23014640808,73264.40214443207,74754.94806098938,76155.96429920197,77476.90924835205,78728.43402671814,79894.69610500336,80925.62061595917,81815.78337669373,82594.5966873169,83145.05294036865,83613.81976127625,83973.00362873077,84223.6857290268,84351.63555049896]