trainLoss: [535765.3421479464,535765.3421479464,535765.3421479464,535765.3421479464,535765.3421479464,535765.3421479464,535765.3421479464,535765.3421479464,535765.3421479464,535765.3421479464,535765.3421479464,535765.3421479464,535765.3421479464,535765.3421479464,535765.3421479464,535765.3421479464,535765.3421479464,535765.3421479464,535765.3421479464,535765.3421479464]
testLoss: [91018.5428237915,91018.5428237915,91018.5428237915,91018.5428237915,91018.5428237915,91018.5428237915,91018.5428237915,91018.5428237915,91018.5428237915,91018.5428237915,91018.5428237915,91018.5428237915,91018.5428237915,91018.5428237915,91018.5428237915,91018.5428237915,91018.5428237915,91018.5428237915,91018.5428237915,91018.5428237915]