trainLoss: [280389.8334646821,280321.04676663876,280320.6706537008,280320.47031098604,280320.65378010273,280320.9405795932,280320.6835295558,280320.6607324481,280320.53346925974,280320.6711008549,280320.53411632776,280320.50414806604,280320.50414806604,280320.50414806604,280320.50414806604,280320.50414806604,280320.50414806604,280320.50414806604,280320.50414806604,280320.50414806604]
testLoss: [68756.32923078537,68755.9340133667,68755.53425121307,68755.420753479,68755.39754247665,68755.32221364975,68755.29469871521,68755.23514032364,68755.23557567596,68754.89889144897,68754.65527009964,68754.65527009964,68754.65527009964,68754.65527009964,68754.65527009964,68754.65527009964,68754.65527009964,68754.65527009964,68754.65527009964,68754.65527009964]