trainLoss: [487409.58219087124,327110.1097970605,325317.64144197106,324279.42729759216,323606.6103543341,323174.49623560905,322504.0811315775,322144.74086651206,321630.0286899805,321169.47030955553,320798.81314235926,320375.09819296,320009.2359600663,319745.32449537516,319482.08512720466,319207.1455036402,319100.7697685063,318957.5165858269,318791.91229623556,318699.1104093492]
testLoss: [75300.71605491638,77507.38892650604,72979.84768104553,74429.99398231506,68496.6313867569,72745.77928066254,72977.2543964386,69267.43821430206,80749.58710956573,78419.8844537735,78975.58162117004,72015.30528736115,82451.5957107544,67811.01284217834,72495.636343956,70784.09235858917,75250.12934112549,73047.49221038818,71812.18148136139,69830.76843833923]