trainLoss: [315774.65776491165,310951.5141495466]
testLoss: [97609.4558839798,88492.5300540924]