trainLoss: [49.95649835347028,47.197312667358354,47.024927013919736,46.94595050498122,46.89125471398591,46.84870275537229,46.812613731348556,46.781353750294,46.753423107738215,46.72860468519718,46.70653512339488,46.686027952551626,46.66629513393662,46.64834319357653,46.63073870788068,46.61474352839195,46.598564634111945,46.582527901752094,46.56640926943795,46.551086478682016]
testLoss: [72.02491222456389,66.12787823957555,61.22325662818609,60.45590301857275,60.698982618836794,61.07853936716622,61.46945954479423,61.78510793120253,62.09164558298448,62.315252019961676,62.32933572624244,62.50735678450734,62.60905109456941,62.552395070534125,62.391881627311896,62.50195399627966,62.65685632263913,62.81282701562433,62.798672263528786,62.790130791477125]