trainLoss: [512.8758583724119,438.787079655137,437.08836147982606,436.13254878209653,435.2851238035093,434.46555491397334,433.6728957412349,432.940776743327,432.2153468337029,431.5705592888176]
testLoss: [478.1549763260479,467.2179015219996,470.5203357095221,463.5234940510271,460.7094685299728,456.8278330016069,458.89639309009436,463.81503318709537,467.6070648343267,470.95481715354146]