trainLoss: [535762.2709874511,528098.941762507,512681.02033752203,494360.0096871257,476762.57573103905,461384.3390212655,448299.2944214344,436855.6905041933,427236.40427941084,419563.39054757357,413517.09865802526,408459.05818867683,404335.1473969519,400802.96563887596,397612.7473694086,394747.7636256814,392197.37643390894,389823.8663010001,387700.9716846943,385771.6778896451]
testLoss: [79675.57546424866,81737.48130512238,80052.27217960358,78541.0534286499,76264.69973564148,74839.89666366577,73033.00820350647,71861.86952972412,71359.68043231964,71725.27121543884,74868.48093223572,71117.30782699585,73624.6291885376,72655.55345726013,71943.16650390625,74198.2714767456,74341.27384853363,74722.92593097687,74659.4944858551,73409.84327316284]