trainLoss: [314005.2250351906,308479.8763281703,302748.2228204608,296121.31630420685,289320.5325424075,283005.8662788272,277565.9856606126,273003.8154607415,269084.02426719666,265502.5285550952,262203.97534531355,259214.98894315958,256640.44874060154,254273.38151037693,252195.7757154107,250305.42294842005,248596.6385204792,247005.10623437166,245620.530469656,244348.27639579773]
testLoss: [67896.26147097349,66757.89659368992,65958.55346763134,65007.34591603279,63382.16186839342,63185.44312155247,62696.48380500078,60732.79083245993,61424.78449392319,58345.9752407074,57907.13659757376,56009.41973876953,56614.135054945946,53411.9148581028,53290.11813515425,53085.55793327093,53036.28274080157,52644.89299234748,50984.6192175746,54329.47232308984]