trainLoss: [266543.65314787626,266531.76880961657,266529.69272363186,266529.4645283818,266529.32526034117,266529.25511342287,266529.28579860926,266529.29434233904,266529.4660550356,266529.3894740343,266529.325655818,266529.26733636856,266529.24835544825,266529.2444871068,266529.29618144035,266529.2925296426,266529.4128013849,266529.3533986807,266529.31889015436,266529.3846281767]
testLoss: [85777.98546886444,85360.9254655838,85202.6311712265,85141.01096725464,85117.92423534393,85093.32045269012,85103.36014938354,85110.65954303741,85096.65338993073,85112.3944196701,85107.09180545807,85148.94431686401,85104.06520462036,85068.4799823761,85069.80282783508,85118.33768844604,85103.56674003601,85134.15268230438,85183.37995147705,85160.38722038269]