trainLoss: [309513.05655521154,281342.95985502005,273724.6945710778,268687.4321349859,265063.80349749327,261805.37536549568,258778.25861930847,255936.7762338519,253247.231764853,250687.61831456423,248230.67214792967,245872.98157310486,243616.5781238079,241465.60237908363,239371.3401017189,237403.3707060814,235516.04838994145,233697.42079770565,231980.16208904982,230364.2585862577]
testLoss: [87311.18901062012,86723.72567558289,86031.2954211235,84902.83168745041,82411.8515200615,80470.21510410309,79622.72523117065,78384.41778993607,78281.49633264542,75080.51034069061,73793.40691900253,72058.87545442581,72888.24997377396,71645.1462931633,69954.24794340134,67738.07366991043,68312.3685207367,66227.72613859177,65428.41676902771,64788.71720075607]