trainLoss: [325396.74270540476,320205.5219256878,313855.28345549107,309788.2845233083,309304.0974109769,309291.59923899174,309285.33199083805,309285.3031000495,309287.1106735468,309295.8933107853,309281.91849035025,309288.369453907,309285.3324357271,309284.1337239146,309289.29926651716,309287.0827921033,309285.91543263197,309285.25925403833,309289.1672976017,309287.1653019786]
testLoss: [118862.8045027256,109768.62336087227,95377.5829012394,86717.45238757133,84968.4772977829,84714.50526475906,84550.51905465126,84467.42942905426,84573.1296377182,84671.89801001549,84511.79754137993,84304.16321587563,84422.23737311363,84805.97983574867,84386.28625035286,84510.61047267914,84510.07527375221,84799.0863597393,84661.51229429245,84663.3369743824]