trainLoss: [538219.8566638231,535899.5017302632]
testLoss: [91607.1816778183,89738.74834728241]