trainLoss: [265017.0063237548,240564.28031831607,233783.52686894685,229737.82134789228,226303.3605966568,223035.3610188961,220201.31853435934,217464.2683121562,214956.30554112792,212628.402264297,210381.3411667347,208480.4036560841,206547.61002659798,204996.52946332097,203503.4461349547,202167.38916092366,200951.82106637955,199893.96199953556,199006.18470214307,198068.9686638862]
testLoss: [102841.31183815002,97966.6682062149,94333.07374382019,85350.44456386566,91564.6763677597,92654.8868970871,87416.05320167542,80341.31925106049,81236.8161277771,78659.56471443176,70905.45932149887,76863.80761909485,81562.06555557251,71956.66423606873,76605.75551223755,78598.53150081635,73619.2850265503,76922.06180477142,70066.51127815247,72845.54623222351]