trainLoss: [309846.5741395354,309778.6240436435]
testLoss: [90460.93581914902,90456.59250855446]