trainLoss: [441695.3270498514,441056.1108301878]
testLoss: [82266.01886558533,84049.30101776123]