trainLoss: [442476.64359885454,404160.05683892965,391176.6869352162,379616.68431326747,369269.72512847185,359829.12951508164,351493.0090060234,344171.4186910987,337837.02017456293,332376.32228696346,328041.99151846766,324446.79817956686,321665.57676297426,319407.29875925183,317611.1402488053,316034.39256706834,314610.529723227,313422.30046895146,312267.4414473772,311340.02372175455]
testLoss: [55206.41711807251,58427.82974433899,61088.32609796524,65686.3088130951,63137.65640497208,64440.545066833496,70861.55928897858,69140.68671894073,64393.44964981079,66176.6062259674,68691.32614707947,69074.74396705627,66732.07272338867,70087.57433891296,65339.83695220947,69478.02912807465,75878.76886463165,72404.1309967041,74190.19805240631,73513.54288482666]