trainLoss: [310033.50741273165,309060.13196641207,307501.6020911336,304924.00709432364,301436.2521430254,297451.69280844927,293236.91360247135,289077.644533813,285109.6312671304,281360.49797952175,277881.8575736284,274613.2788541913,271449.99213421345,268142.1885780692,264575.6239748597,261850.92553514242,259599.59568619728,257498.11103713512,255542.26890736818,253761.2840358615]
testLoss: [82814.93402290344,84113.30844688416,83460.60283946991,82570.18183040619,81038.93703269958,79398.77913379669,78539.19395256042,79575.33274459839,75560.58360767365,76300.01136684418,72862.84316253662,74895.5478925705,73046.4121723175,74292.88980007172,73504.7959022522,71827.31512069702,72884.90172481537,70114.85384750366,70852.4492111206,67599.72585010529]