trainLoss: [498.7623447244315,471.14156396125463,462.7913162060688,459.0005135779255,456.8095056430308,454.5932632797704,453.1023728980641,451.49580450876607,450.0407076096685,448.821060852633,447.40735592919253,445.9210843407002,444.1187553975522,442.36281515468437,440.08681796882024,437.0873645719862,433.0015380078711,427.8787803189383,421.517360965445,413.09013941102285]
testLoss: [498.5556948203667,575.4668998718262,631.3391752102796,624.072589338527,591.5465182659673,593.975699191,564.2509567045698,570.36110496147,559.5802327745101,549.9388333498263,590.394610044068,609.2866452189053,650.9836150767757,639.4334356569776,630.4569104157242,660.7470934475169,635.2152689887029,604.5158244965123,622.9435040464588,593.4650504308588]