trainLoss: [310587.77488428354,233265.0931699872,214227.13986381888,212143.9380197823,210691.05493158102,209732.60420671105,208988.07373857498,208438.1566284299,207945.09675222635,207546.96542546153,207309.87268185616,207086.58489993215,206980.06407487392,206802.6087681949,206676.2617917657,206624.80030199885,206506.12891745567,206447.68481984735,206367.29279091954,206270.48413535953]
testLoss: [65176.69050359726,80510.0386004448,80615.06341695786,81156.83782887459,83613.85797190666,79775.36304497719,79191.53779864311,82249.03063750267,79330.00556373596,80959.31430745125,81889.09054374695,77466.6002380848,81255.78443956375,80903.02629232407,82707.41998267174,81650.59927773476,78546.3003423214,80037.69669055939,76348.49474906921,79400.67016124725]