trainLoss: [291333.1867007613,196842.76449254155,182533.02053028345,180389.5529755652,179731.39088910818,179389.13234603405,179198.5733564496,179049.2138517797,178868.68130224943,178704.68868663907,178513.11453145742,178315.1201635003,178074.51650425792,177821.0647137761,177505.37779319286,177236.95131242275,176835.9070188403,176482.98375466466,176058.56323313713,175576.9606294334]
testLoss: [76899.00641435385,45403.56313338876,45261.77607789636,48123.15433165431,47389.45133715868,50026.47261941433,52119.234959214926,49504.20753014088,51753.551286280155,56994.17125019431,53131.93755489588,55138.29944109917,57132.44169664383,55140.6184130311,55020.10056081414,55937.852639228106,59748.55867904425,54516.665225178,58142.21582084894,59335.51290386915]