trainLoss: [319685.7188773155,319685.7188773155,319685.7188773155,319685.7188773155,319685.7188773155,319685.7188773155,319685.7188773155,319685.7188773155,319685.7188773155,319685.7188773155,319685.7188773155,319685.7188773155,319685.7188773155,319685.7188773155,319685.7188773155,319685.7188773155,319685.7188773155,319685.7188773155,319685.7188773155,319685.7188773155]
testLoss: [68754.65532302856,68754.65532302856,68754.65532302856,68754.65532302856,68754.65532302856,68754.65532302856,68754.65532302856,68754.65532302856,68754.65532302856,68754.65532302856,68754.65532302856,68754.65532302856,68754.65532302856,68754.65532302856,68754.65532302856,68754.65532302856,68754.65532302856,68754.65532302856,68754.65532302856,68754.65532302856]