trainLoss: [485.6301771481082,465.2950149764959,459.06352645043,455.7426691541198,453.6657484447983,452.207704481982,450.49692756800886,448.86946280947274,446.9501837560789,444.9544955752997,441.80268254204674,437.68341269262226,430.20783257715976,420.0938329155517,409.64754852870857,398.2952091837763,380.9196948472588,366.16055210323367,345.256343849822,323.4801701767728]
testLoss: [557.7959003854044,432.3009943740884,597.0232216009159,593.1607732723669,594.3824319200418,612.3495787836841,588.158178998023,540.5258711392117,491.3169363724817,497.1996500246304,556.9700868203468,522.1973144221552,515.1039254517899,494.9750631961626,534.8337304334051,525.1672054553769,587.6897054701736,565.4618902181842,599.6589946795984,641.5217647183802]