trainLoss: [265108.8424087763,263412.62842839956,261886.518391788,260103.5783160925,258083.07620424032,255976.14331370592,253802.14473199844,251617.7934921384,249415.15474665165,247292.84817254543,245223.06960606575,243124.08517885208,241099.6449610591,239049.47814124823,237181.14594352245,235280.46399712563,233477.63798487186,231688.05798101425,229934.68149882555,228311.04515975714]
testLoss: [86569.52974319458,85265.24210166931,85461.81006908417,84460.8529844284,83961.44980430603,84405.34204387665,83384.41368579865,83151.88083648682,81884.52856254578,80832.35217380524,79798.0797290802,79922.04801177979,79109.05799293518,78361.56397819519,77430.54786777496,76072.33777523041,76192.79923343658,75468.09968471527,74878.97384166718,74922.1341381073]