trainLoss: [540395.9783842564,540248.6083495617,540229.4468947649,540227.3653053641,540226.9179052114,540226.9181507826,540226.9437457323,540227.1119778752,540226.9638811946,540226.9613472819,540227.0329374075,540226.3417839408,540226.8046981692,540226.8242599368,540226.9458940029,540226.9267325401,540226.971380949,540226.8850187659,540226.9769235849,540226.9882164598]
testLoss: [83283.6474788189,84254.03607654572,84511.98273253441,84614.20825743675,84694.68404912949,84708.07821917534,84731.73845815659,84653.98887872696,84717.36750411987,84673.05216240883,84733.7752058506,84825.70852613449,84681.66437101364,84692.90063643456,84679.67559576035,84705.99499845505,84719.26284813881,84740.33509612083,84742.62691140175,84696.94055962563]