trainLoss: [536091.9111269712,535766.8153347969,535767.4190042019,535753.5809785128,435908.1897213459,417487.5281264782,415613.0163809061,414593.9983135462,414206.7449104786,413815.8120441437,413563.5593851805,413366.42273294926,413083.98576903343,412946.5254175663,412696.3489944935,412465.62377369404,412303.97840332985,412104.7155865431,411958.64575076103,411713.47387862206]
testLoss: [91030.39841079712,91024.88217830658,91023.1358165741,91019.38055801392,101721.25607395172,101506.07303142548,102528.79532814026,102909.10103321075,102277.30535507202,103820.41414451599,102710.84808635712,101697.29304122925,102311.10330963135,102068.35502147675,103621.46593856812,101964.13160324097,103198.25241661072,101567.63892269135,103159.47036361694,103233.42368030548]