trainLoss: [267142.95824956894,266741.6254635453,266589.0761271119,266543.13610583544,266532.42029219866,266529.97235429287,266529.3869790435,266529.2969685197,266529.2898308635,266529.3290208578,266529.30641299486,266529.3497573137,266529.294705987,266529.2691666484,266529.44359368086,266529.41420030594,266529.37296015024,266529.2941311002,266529.3105285764,266529.2853475213]
testLoss: [79939.79201412201,82190.39992904663,83650.52179145813,84404.2444858551,84792.03977870941,84947.92482948303,85045.29181671143,85066.67875099182,85040.44348812103,85069.32254505157,85084.59461212158,85071.86996746063,85103.9875869751,85154.40669155121,85133.41663837433,85104.25306224823,85135.69521331787,85107.5644197464,85119.81477737427,85117.9240026474]