trainLoss: [312899.80035561323,309286.35332643986,308778.97840213776,308377.0772523284,308099.148462832,307886.0005082488,307759.13936311007,307678.36264264584,307628.42421513796,307591.52805137634,307572.05437254906,307562.9425768256,307560.95694607496,307558.2046842575,307558.07951140404,307557.1177638173,307557.26137012243,307556.9916449785,307557.1276284456,307556.93305563927]
testLoss: [97392.48602962494,95505.43249225616,93670.18784046173,91996.93922424316,90598.49735164642,89315.03721237183,88356.63805294037,87597.03199768066,86980.88336658478,86376.59527301788,85930.70863056183,85620.1966638565,85526.58688640594,85328.91401386261,85307.46299743652,85199.61020755768,85209.47096920013,85103.30188274384,85160.61195087433,85087.58037948608]