trainLoss: [505.8527723219744,454.6848115647674,444.24429996104755,439.0057532637742,434.54167965126646,427.8485071321961,426.6156481456605,424.39727269335157,423.09998163000034,421.51611324715765]
testLoss: [426.247506157236,335.15077317343616,409.6246661087848,414.82561414369513,458.1453975706284,504.08339498869907,480.8179115748831,463.94085807739793,494.398629235874,485.3113068732104]