trainLoss: [266694.08341643214,209982.44359639287]
testLoss: [50389.63837432861,45505.55178189278]