trainLoss: [451.5855678999271,420.23790417829383,413.32381743456307,409.49203345148993,406.5361625784865,403.7909888841403,400.63863238275815,397.44414349637736,393.82193083048634,390.09366292323057]
testLoss: [589.9912058684168,551.77932871087,555.4676357042237,563.2630906910011,558.3410759663459,537.4528686938058,533.0723437472564,533.9737105343453,604.3897740825549,628.3625259866419]