trainLoss: [264071.10679614544,187749.56288146973,175210.78631681204,173159.2050266266,171938.75941807032,171337.65760564804,170944.04091882706,170638.94599109888,170417.70257234573,170173.3823618889,169946.1070101261,169719.99351364374,169459.43348914385,169210.07031923532,168977.67651218176,168638.09872603416,168377.95587599277,168067.85998153687,167798.59380817413,167436.7760077715]
testLoss: [55687.79260635376,68132.49482250214,69751.96912765503,68287.0106086731,72400.73551273346,68112.25274562836,68351.42507171631,69292.09912586212,74372.44371318817,72929.88217353821,72034.89489936829,69239.71540355682,73588.05859279633,73574.6372089386,68948.12762117386,71217.16366100311,73011.3948020935,72048.830909729,75528.10250663757,73930.86098957062]