trainLoss: [48.70133963071989,47.03502008868363,46.46976374897188,46.097454381610206,45.797129254673195,45.53211429399216,45.26814030392734,44.98870650066402,44.66983664454463,44.27693524518926,43.79350249872418,43.16717076702324,42.39618495606588,41.508787194491624,40.47810119064394,39.372322376081364,38.25840964756891,37.07666909801876,35.88807551666109,34.58699931448591]
testLoss: [53.8817729071697,57.762659673518804,56.40251900067871,53.80449731213042,51.90991222047885,49.83234389109003,48.69612217463467,48.00471165973946,49.01765532289967,48.51393506951494,47.168950019957215,46.880188504212335,46.70953713498305,44.81322077821143,45.241119723958555,46.290646524497525,50.284548571305486,54.668298998455306,60.36629690798262,61.93513491957342]