trainLoss: [282805.6865568161,282616.33398777246,282521.0728072524,282479.53276121616,282462.77389752865,282456.5779172182,282454.57342743874,282454.01411670446,282453.69756674767,282453.6476947665,282453.5976409912,282453.63822209835,282453.7339794636,282453.5843075514,282453.68630981445,282453.69073045254,282453.61301350594,282453.6301819086,282453.73185390234,282453.6583568454]
testLoss: [69236.77260875702,70451.60346359015,71311.80207842588,71900.49648094177,72275.10493260622,72502.70352828503,72649.20328831673,72716.08023387194,72746.0968965888,72793.02312904596,72785.20248764753,72795.13210958242,72790.5527638197,72780.87391066551,72760.55116695166,72781.064234972,72793.19985234737,72798.14908951521,72804.34543758631,72826.62031149864]