trainLoss: [550268.2244407535,545760.0528388023,542392.1222509146,539989.69289428,538368.402696073,537365.6288902164,536830.4838936925,536603.0533596277,536524.4723971486,536506.2438840866,536503.34963727,536503.1510869265,536503.1227084994,536503.2219067812,536503.0843277574,536503.3519490957,536503.2269923091,536503.2153463364,536503.0391028523,536503.1965792179]
testLoss: [65934.98441886902,69247.56824684143,72398.03131961823,75324.0478219986,78006.65933418274,80321.51418876648,82160.42385292053,83396.31177139282,84172.66381549835,84528.21764278412,84639.93806266785,84645.88651371002,84669.45746517181,84678.16546916962,84713.28016281128,84706.5028181076,84698.63049316406,84677.46630859375,84655.78103733063,84718.87867069244]