trainLoss: [464537.27944099903,459673.63970053196]
testLoss: [68259.5303940177,71925.51099050045]