trainLoss: [288730.6238462925,285099.04601204395,278380.73478507996,273891.5144611001,273047.76662796736,272856.9546177983,272809.51728355885,272796.3251233101,272780.6630551815,272796.0508893132,272791.64825987816,272796.8277107477,272796.39226067066,272796.160710454,272787.96408957243,272786.930891037,272796.5328769684,272792.0885516405,272786.3372322917,272796.18075072765]
testLoss: [122621.84951543808,114630.88433623314,98457.19746255875,90755.21784853935,87676.67423033714,86069.29829406738,85264.51703357697,84867.55376648903,84642.67595028877,84613.03595161438,84571.0975317955,84553.55397510529,84589.32573866844,84559.61714577675,84648.13281917572,84632.34716653824,84613.61188483238,84502.24702239037,84433.02780914307,84581.57250666618]