trainLoss: [233202.26153236628,161671.1840558052,159745.0044195056,159270.37057375908,158959.78938537836,158653.3850671053,158361.70122098923,158081.33293950558,157858.8751372695,157544.13637769222,157251.0469686389,156988.72811496258,156633.66108316183,156305.53294223547,156005.80142217875,155668.5697399974,155354.40902209282,155018.37782871723,154720.2850034237,154402.6141896248]
testLoss: [52506.924644470215,47941.85697078705,48722.50195121765,53069.064997673035,54994.12144947052,53646.88235664368,49447.1130065918,51973.58377408981,51373.08614873886,56132.699973106384,51207.315502643585,55733.259761333466,52103.82823753357,55653.51808166504,50084.39947557449,55605.88679742813,52757.23647117615,50927.43552207947,53882.39271116257,53658.84065437317]