trainLoss: [459881.66794651747,459881.66794651747,459881.66794651747,459881.66794651747,459881.66794651747,459881.66794651747,459881.66794651747,459881.66794651747,459881.66794651747,459881.66794651747,459881.66794651747,459881.66794651747,459881.66794651747,459881.66794651747,459881.66794651747,459881.66794651747,459881.66794651747,459881.66794651747,459881.66794651747,459881.66794651747]
testLoss: [68754.65527009964,68754.65527009964,68754.65527009964,68754.65527009964,68754.65527009964,68754.65527009964,68754.65527009964,68754.65527009964,68754.65527009964,68754.65527009964,68754.65527009964,68754.65527009964,68754.65527009964,68754.65527009964,68754.65527009964,68754.65527009964,68754.65527009964,68754.65527009964,68754.65527009964,68754.65527009964]