trainLoss: [535783.8035871983,535768.8727058172,509440.38250267506,432849.2072868347,430924.43753910065,429811.3229471445,429024.6711331606,428258.0977689028,427657.3904209137,427058.8388712406,426503.6668664217,425855.91528856754,425476.98591041565,425014.38997864723,424636.22993171215,424163.6983883381,423925.4061629772,423598.82964527607,423361.6026467085,423158.6004397869]
testLoss: [91019.12760734558,91018.5860671997,105914.95971298218,103529.96628189087,108647.56921482086,106848.16795063019,105111.61039733887,110140.97602844238,101248.81239128113,102754.70523166656,104275.26802635193,107216.34209728241,107912.56901168823,102653.30465984344,106133.2852563858,105173.86969661713,105046.20367336273,104108.25165271759,107623.95363903046,106606.0372467041]