trainLoss: [362982.7856131792,329142.1008490324,315895.02062529325,305085.7179707289,295709.0581024289,287400.2137977481,280021.33817496896,273438.47125947475,267619.75672742724,262440.6238331497,257838.13879323006,253745.74910628796,250054.57195529342,246771.05737304688,243848.25577634573,241276.22010588646,239014.04864385724,237106.25627806783,235510.51129108667,234073.14597687125]
testLoss: [100840.85274910927,94320.4834291935,89591.54267263412,84803.76108336449,84911.13316774368,79882.58436727524,76565.32738757133,71644.78742027283,70455.21673369408,69394.05886745453,67149.99265861511,65809.35515320301,62135.18396830559,63972.221376657486,62595.24683010578,60268.68369936943,60939.640657663345,59109.04123413563,57402.68433248997,69220.35551333427]