trainLoss: [321256.17488861084,320284.98567700386]
testLoss: [73109.24699401855,71849.73821115494]