trainLoss: [425.07443233032495,394.2987689791208,385.64239715340926,380.56865353961575,378.23118773808187,376.5855800189236,374.8284340907443,373.1059196604059,371.9123717234965,371.01921772227644]
testLoss: [400.50709708380384,395.4766131272379,396.27425463389085,389.04492750388897,399.64002798685175,466.0856783007154,463.19996555790993,410.4296859236348,419.84452262441846,409.4286814341877]