trainLoss: [742.0469475459371,698.9654422678948,696.2606167373317,694.5909636607852,693.0901063452449,691.8325737917764,690.72820077031,689.7501523228373,688.8421433323111,687.9493656154019,687.0720329987322,686.1490610931942,685.2043597370897,684.1911352648054,683.1254462030955,681.9745380487442,680.7724849397455,679.5456508410999,678.3695117361545,677.2342209704944]
testLoss: [770.7390870262594,744.7855514189777,719.1741139019236,720.5442714074079,706.5707468706019,715.0877323767718,725.3389063442455,744.2487587143393,757.1330785078161,764.4573956096874,769.3824808681712,774.6207855224609,769.3284209307502,771.1051986245548,773.5187092949362,774.1035195182352,766.8705987369312,767.0111172732185,762.7582138622508,759.381406918694]