trainLoss: [380091.5340745747,300950.4527975619]
testLoss: [43515.885704517365,43480.48655414581]