trainLoss: [265024.9870917201,178607.925129354,173908.54132568836,172831.74166357517,172259.9331970513,171911.25671470165,171649.69399777055,171454.10084539652,171279.49240213633,171067.15838071704,170851.18570506573,170669.28513151407,170429.35622540116,170210.28907620907,170002.54438269138,169756.93148833513,169503.41066014767,169222.6170399785,168992.60470691323,168672.4587198496]
testLoss: [60557.29371154308,63721.53689670563,68281.48732066154,70023.25500631332,67759.8229072094,70319.18509721756,71402.7502219677,72892.67825841904,68329.18442773819,68300.6645617485,72566.40085363388,71523.53352808952,70974.61692285538,76662.93583106995,70876.2802271843,69698.36089730263,68676.68378543854,70648.57980060577,70927.88267588615,73310.9265089035]