trainLoss: [565882.6829611063,561658.0528956652,558655.1733087301,556642.2103245258,555399.6761697531,554730.9467738867,554437.655818224,554339.2865843177,554317.0113142133,554313.3735926151,554313.1233273149,554312.9716742039,554312.906791389,554312.8787510395,554313.030000329,554312.81603086,554312.9546018839,554313.09768188,554312.9582750201,554312.8723464608]
testLoss: [51503.23578643799,54108.38423871994,56548.55685997009,58756.80315923691,60682.81342411041,62219.91968822479,63292.31823968887,63905.97793054581,64233.39100217819,64291.53920555115,64322.42836713791,64379.05905628204,64339.31108379364,64330.36810016632,64384.26073503494,64386.861365795135,64372.7370557785,64360.784640312195,64373.48395729065,64387.3905043602]