trainLoss: [276404.54676163197,218028.34729456902,214553.06070920825,212201.58522805572,211425.2649950683,210464.97780492902,210179.16969892383,209578.27060624957,208867.5856437087,207851.43200552464,207560.6173621416,206873.9562675655,206541.2283847034,206302.1452728808,205666.18603914976,205448.36952775717,205352.549156636,205089.92650800943,205009.9295374751,204718.42603501678]
testLoss: [64709.07631492615,49632.36454248428,52465.12405538559,53223.46634864807,50304.61324453354,52520.51290988922,40729.67072534561,47836.13758945465,45922.21017217636,54051.63747596741,62152.15872335434,46778.13724541664,59014.0507440567,55005.147770404816,54712.34877061844,61715.46131849289,47728.200434207916,45680.529505968094,58159.11810398102,57802.766931056976]