trainLoss: [428882.3671826124,329494.4834664762]
testLoss: [73352.0476474762,74553.19962692261]