trainLoss: [867.2180642612268,827.159796533317,818.0466812940866,812.574235633352,808.2356658213405,803.5786329307958,799.1882194624558,795.3479492860249,791.5939470674413,787.8172007501521,783.8788311605751,779.2773269456854,774.0109345316491,767.8834658063661,761.5581113449526,753.4383916588498,744.2307927215479,734.8461816210552,725.6056740772162,714.7674517570184]
testLoss: [1026.3534086741358,1075.189679442652,1107.7430371575008,1163.170492933286,1186.6571436907282,1121.9321301788684,1083.354217091933,1071.0530867923965,1066.2939237253556,1050.9054886884246,1049.7866330667837,1038.4175299698154,1056.5140604372846,1101.7531809348934,1109.845684270985,1167.730422466796,1080.5967602524536,1083.3311868013925,1178.6942286538763,1179.5874016663886]