trainLoss: [379156.4209628701,316075.9451907575,304304.29494711757,294766.70772928,286590.524590075,279281.87223115563,272890.75702923536,267189.8356293738,262236.55269891024,257906.08237674832,254103.81449502707,250841.57798185945,248020.83175849915,245644.30966350436,243578.96475291252,241876.50916481018,240440.1100257039,239228.67794141173,238260.7842939198,237543.351531595]
testLoss: [50307.78282403946,49875.31984615326,53670.98354721069,48314.20847654343,54360.30812501907,57921.98176717758,58931.04603290558,56862.52951335907,58412.942794799805,52162.146420001984,61493.858323574066,60016.50797891617,57183.92245340347,61921.17692279816,62347.90074157715,60077.31746292114,62075.37158584595,65520.37758922577,60643.132462501526,65390.031829833984]