trainLoss: [419185.76291519403,324667.6732774377,311101.26278454065,308059.95242601633,305842.37740945816,303924.6508179307,301177.8392701149,299806.58627170324,298771.76081979275,298106.7468878031,297321.92852944136,296704.21054673195,296135.58972221613,295598.7106385827,295086.8035312891,294518.45825743675,293997.0382937789,293649.1231998801,293261.48773634434,292830.8204987049]
testLoss: [27765.614621162415,27084.18205524981,28049.022188842297,27799.737692460418,31084.22287002206,31509.42249751091,28962.997457116842,23974.530994862318,30622.23567607999,25915.54408749938,29107.275230914354,24950.16443809867,26641.4533803761,30351.085667461157,27460.06473273039,25682.15560142696,26523.996206387877,29915.89652070403,26918.977380424738,30515.971314519644]