trainLoss: [495.2849933326244,431.56066193963517,425.365732181388,422.11709648070746,419.9567295689851,416.9621691280248,414.67956086037964,413.3639961939379,412.45088474845255,411.37218698200013]
testLoss: [568.122134992906,548.2526832555021,476.4674530367766,460.06895572426066,528.3425460343915,605.6817789425808,571.2346140865769,582.2636568079038,533.1694068383957,597.5298065669834]