trainLoss: [297864.81985622644,214630.3562324643]
testLoss: [74638.89507198334,65075.048526763916]