trainLoss: [313823.1451511979,257895.5900582075,247313.39035248756,239814.5402006209,222837.10578209162,216303.4363461733,215558.35312071443,215093.14810603857,214784.3008003235,214601.5802101791,214467.29225569963,214357.06994220614,214293.46500471234,214148.33274307847,214064.83147269487,214002.30424380302,213952.0314963162,213891.3031888008,213826.3232332766,213788.98801091313]
testLoss: [82966.09852713346,88150.24707311392,90103.13095444441,88325.70112258196,82459.5220733881,81121.31061470509,70502.21557277441,75453.23126369715,68279.28647607565,75338.79107618332,76223.69379270077,71730.92127197981,72937.38905769587,72346.1231854558,69836.99704045057,66575.58690398932,66330.06827241182,69929.19443720579,67710.00922203064,68837.62777477503]