trainLoss: [222.37476558437595,207.15830754916388,204.80678667128086,202.3207013004399,199.7532131426133,197.31615588363115,194.83842617370092,192.2505606623052,189.42924437317754,186.47129383288421,183.10197478296695,179.64574643969536,175.85767114696566,171.80456572159545,167.41379311874314,162.9008872180403,158.09487476240506,153.15713904844475,148.35342705129804,145.31112674350862]
testLoss: [215.07538631990843,220.93492474368975,212.56297967948166,211.2247598437702,211.62215032203525,215.33769419053021,219.8893372147691,222.6152826281155,228.79378608862558,241.56311324110217,253.06405157107932,268.2463254372279,281.96620070981044,297.18523726229574,312.8640574361764,320.8923173895069,327.4478823998395,338.5706673005048,343.14845083835075,329.4078819312301]