trainLoss: [264911.90312582254,245476.49724912643,237836.28307968378,231341.2855924964,225404.67219793797,219881.86846411228,214782.65612745285,210068.67153590918,205633.61842238903,201501.91681981087,197640.29730796814,194026.67427039146,190619.80191153288,187496.02433514595,184577.4421657622,181846.7109027505,179326.02254068851,176991.1826069355,174828.55891034007,172844.38754433393]
testLoss: [124623.20437884331,120851.8496541977,114788.98305392265,109987.22868466377,106083.59336256981,101559.1903848648,97900.07372808456,94346.02942252159,89982.65413165092,86300.3726451397,84370.35040998459,80637.60097789764,78804.53662109375,75827.38943767548,73373.9889178276,72056.66065454483,69570.04845285416,67578.2093322277,67409.76803898811,67234.40825986862]