trainLoss: [276828.7626723647,275174.88682705164,274090.41614824533,273421.0251995325,273050.9194151163,272873.5620004535,272802.745985806,272781.8364394307,272776.82442867756,272775.8511556387,272775.7895973921,272775.66126692295,272775.59513539076,272775.6395869255,272775.6283980608,272775.6077365875,272775.60828977823,272775.6053967476,272775.4359821677,272775.6322453618]
testLoss: [70595.80687999725,73855.86730837822,76780.04789590836,79292.32844734192,81295.99156045914,82773.20145368576,83756.52728104591,84247.57484722137,84534.33457279205,84563.19880056381,84633.43939948082,84656.98986935616,84699.06476092339,84730.2314324379,84721.83475160599,84703.15564656258,84659.16855692863,84651.89906644821,84752.36496806145,84744.78836250305]