trainLoss: [270897.9865643978,270779.7156459093,270741.23758518696,270728.7331484556,270725.3489254713,270724.3801622391,270723.8836687803,270724.1057114601,270724.10155403614,270724.1482208967,270724.172401309,270723.8263179064,270723.8619298935,270723.8616992235,270723.98231458664,270723.90619933605,270724.1600341797,270723.49319553375,270723.85211360455,270724.0645222664]
testLoss: [81930.12018966675,83057.48250865936,83774.49450969696,84129.08863449097,84310.62829303741,84418.64785766602,84494.54937076569,84510.8757238388,84567.16450309753,84566.13009738922,84563.8423538208,84616.36431312561,84590.29591941833,84529.62327289581,84558.38437843323,84586.57520771027,84614.18468284607,84542.3064994812,84552.86802387238,84605.09104251862]