trainLoss: [319842.9580923915,319687.8858117461]
testLoss: [68769.49892187119,68761.83000516891]