trainLoss: [380385.4745994806,347810.11807501316]
testLoss: [78519.60433882475,72197.0440672636]