trainLoss: [460164.02249598503,459726.0715560913,459335.6238614321,458927.53739595413,458171.8689482212,456703.6913628578,454180.22707533836,450473.95746707916,445303.5551236868,438600.60626518726,430399.58498847485,421509.74632906914,412782.28474771976,404687.9098844528,397437.7915523052,391090.68538713455,385128.4477728605,379680.5986059904,374686.9466263056,369620.46396899223]
testLoss: [77334.10231554508,75524.83572500944,74024.00545841455,73024.43605470657,72136.67117482424,70393.3218986988,67619.22762519121,64367.820645689964,60899.9968803525,58147.895850002766,56427.01403129101,54814.88990330696,53718.655868291855,52246.03837969899,51191.93816044927,50440.148613125086,49228.4934271574,48521.50014203787,48071.54609051347,47671.73444455862]