trainLoss: [539002.0978067517,537351.1886499524,537349.3541620374,537357.193677187,520275.3215227723,421097.5859184861,417229.99571824074,416200.2264866233,415409.0129774809,415030.99484312534,414537.5667549968,414338.5487394333,414022.43444666266,413722.395630002,413526.8797130585,413209.46971812844,413062.4162532687,412874.095125556,412553.9567667246,412339.05316996574]
testLoss: [90464.11736392975,90458.03399181366,90453.88914203644,90452.39252758026,104485.25413513184,109362.58142185211,107132.61077785492,108047.38010883331,106258.37521076202,106442.57326316833,106727.75490379333,106904.03474140167,104784.2543554306,107390.19961833954,107670.63781547546,108130.23205375671,103306.21124362946,107261.32452011108,102905.24922180176,106983.44333744049]