trainLoss: [334080.0628874898,305343.47894757986,292899.3518369198,287591.30622673035,282755.65407061577,278245.5545848608,274437.4478211403,270795.63229578733,267177.90248531103,263637.0800114274,260320.38879448175,257123.64278036356,254134.04612469673,251361.53360903263,248511.53403550386,245897.40508675575,243367.93525737524,240922.26376605034,238642.56857419014,236303.81682747602]
testLoss: [156147.45784759521,150235.62073612213,149881.66261816025,144629.00839042664,151245.50746440887,137183.13800907135,140873.28772497177,130926.63956832886,131791.3989419937,126087.97834920883,128096.95980024338,128410.28135943413,118494.02348446846,121884.54049658775,118217.62622284889,116736.98854231834,109505.84576153755,108349.0905148983,116205.50567984581,110068.84038043022]