trainLoss: [338623.5582077503,334375.65070194006,328335.98452180624,321787.9228541851,319687.35766899586,319301.6246544719,319214.0259491205,319192.7921073437,319185.44141608477,319198.07299906015,319194.9455435276,319204.2316342592,319200.0239440203,319194.711366117,319192.5938645601,319190.05891788006,319183.979814291,319190.6852041483,319184.26538544893,319187.0465707779]
testLoss: [42063.74675512314,45042.64229416847,51117.567685604095,58403.1790895462,61431.261096954346,62951.72273015976,63630.43242883682,64015.6091966629,64177.32963895798,64216.84964179993,64212.52892923355,64281.58839511871,64288.946778297424,64350.16693353653,64179.152807712555,64227.172009944916,64211.40131235123,64296.84990930557,64301.36347579956,64267.71869850159]