trainLoss: [482530.36314332485,412344.8667342663,404815.1953537464,399018.3724398613,394180.7285556197,389259.42145323753,384755.32978224754,380635.72463583946,376934.6535907388,372842.02941274643,369283.8043406606,366164.15934056044,362964.96578001976,360155.7231233716,357874.2946782112,355021.0015928745,352822.44366294146,350667.46628522873,348515.9407426715,346975.599645257]
testLoss: [45104.81059932709,46625.919070750475,41660.21524095535,34185.00028577447,42271.99283862114,50710.79993954301,45935.464882194996,43852.67223262787,47006.955446749926,35985.538554251194,44640.81315472722,46652.58475524187,40276.295948684216,41811.155532449484,39875.97849306464,45247.62563163042,34430.61334338784,45424.17477861047,37349.21652370691,42537.83415797353]