trainLoss: [267331.0750978589,266955.8903082609,266953.12888753414,266951.6827468276,266931.2589150071,267203.11366552114,266949.88215637207,266953.9946575165,266953.2524535656,266951.6812990308,240422.9036307335,212435.13483130932,211846.67618101835,211796.5873503089,211609.51650303602,211522.83997440338,211503.66301834583,211452.36534160376,211415.722628057,211330.4935566187]
testLoss: [91046.17893981934,91032.88667106628,91026.93646526337,91035.68289089203,91019.40100860596,91042.97052669525,91043.05351161957,91037.12998867035,91031.3241071701,91028.34843349457,110853.07180118561,105248.48564052582,105544.9308719635,103483.90083026886,106715.6759262085,106423.02249336243,103355.8563079834,106528.02884578705,106738.08540058136,105788.59774303436]