trainLoss: [524.1178939285658,433.2582702983294,431.24661434809894,430.21619411864816,429.3668150993767,428.5902016514974,427.8468433007105,427.1320845566443,426.4486711197736,425.8063017592525]
testLoss: [654.8966319875454,628.2392273906647,672.8086109184843,652.2129265417265,606.2061075793476,602.9333322559754,632.154241911539,655.619768860772,665.7820790076819,672.8761024841174]