trainLoss: [281125.97836756706,280212.95509153605,279953.61152887344,279891.9722288847,279879.98967021704,279877.75687879324,279877.5284705758,279877.54263454676,279877.55180585384,279877.54166930914,279877.43131929636,279877.58946448565,279877.42372626066,279877.4671384692,279877.48010623455,279877.6112854481,279877.5587031841,279877.6151867509,279877.3981163502,279877.4403434396]
testLoss: [59502.368963718414,61900.42608451843,63253.372399806976,63887.57347679138,64197.23864030838,64298.53063392639,64355.907779216766,64371.86681032181,64325.903995513916,64337.94840812683,64393.398668289185,64404.15817308426,64458.18205881119,64414.52569770813,64372.907024383545,64398.1357293129,64335.05321931839,64323.23403263092,64335.44418048859,64328.65956068039]