trainLoss: [273270.87894684076,273208.4089105725,273207.4276788831,273207.4276788831,273207.4276788831,273207.4276788831,273207.4276788831,273207.4276788831,273207.4276788831,273207.4276788831,273207.4276788831,273207.4276788831,273207.4276788831,273207.4276788831,273207.4276788831,273207.4276788831,273207.4276788831,273207.4276788831,273207.4276788831,273207.4276788831]
testLoss: [90455.34751868248,90450.16213417053,90450.16213417053,90450.16213417053,90450.16213417053,90450.16213417053,90450.16213417053,90450.16213417053,90450.16213417053,90450.16213417053,90450.16213417053,90450.16213417053,90450.16213417053,90450.16213417053,90450.16213417053,90450.16213417053,90450.16213417053,90450.16213417053,90450.16213417053,90450.16213417053]