trainLoss: [332431.96099227667,326276.324780941]
testLoss: [46305.32422661781,51680.61418676376]