trainLoss: [540247.1018010378,540227.5828259587]
testLoss: [84991.64074993134,84703.62700247765]