trainLoss: [428586.58892017603,301542.12807419896,299735.3560191691,298713.79081609845,297919.37818595767,297410.23432943225,296948.0095281005,296605.52402466536,296298.7779147029,296041.91866379976,295734.8313000798,295456.56739866734,295276.14802348614,294997.6440462172,294724.84965997934,294449.1945410967,294274.7643395364,294028.5957789719,293792.9937297404,293556.2685315311]
testLoss: [61283.94079732895,54245.42536020279,54149.756516456604,58025.55122089386,56924.71751642227,54543.25716304779,56111.02687692642,54982.741533756256,55996.76645088196,53826.62098407745,53054.410672187805,55838.11570739746,59879.83507013321,55399.61632871628,56202.65838479996,54125.67375040054,56268.01514148712,53761.64006614685,57460.682492733,57909.407615184784]