trainLoss: [558974.6823549271,558974.6823549271]
testLoss: [77903.50498437881,77903.50498437881]