trainLoss: [210813.94473081827,167181.768805027,163797.98339521885,163992.09567564726,162868.7956981063,162318.2251780033,161595.08261162043,161464.75182139874,161000.4482370019,160329.9419466257,159512.94181632996,159209.01732766628,158868.65212112665,158643.98302596807,158460.1929963231,158566.90647888184,158120.46469157934,158035.9049462676,157495.6637058258,157499.0834916234]
testLoss: [36314.06315565109,54859.33729696274,35492.48394393921,42954.26193523407,36096.760982990265,43036.74761676788,49580.00935840607,67202.40553855896,27557.104695558548,59034.13923549652,44670.712893009186,47840.56919622421,42661.785452365875,43775.545746803284,59329.35732936859,50334.659442424774,60463.21056318283,43552.908123493195,48908.92118692398,44481.33248472214]