trainLoss: [441622.5684531331,441016.3966759443]
testLoss: [86665.4731168747,84929.40985679626]