trainLoss: [311623.17811742425,237132.0277248621,235485.81666967273,234771.72571504116,234336.19068348408,234057.99371501803,233875.40693289042,233733.21728521585,233615.75807359815,233531.29376521707,233488.5303375125,233352.5556103289,233311.81696620584,233270.13073298335,233207.4319500029,233127.7179659009,233073.06202948093,233021.52840521932,232989.9516555667,232947.90916714072]
testLoss: [59205.268668174744,58999.74222612381,59663.590472221375,57311.07446479797,57776.675824165344,57672.995121479034,57683.96910381317,57347.93909740448,56299.22578048706,55827.89702177048,57337.9763379097,57521.54699897766,59597.8815908432,59744.02141571045,57615.20178461075,56885.92282295227,55582.73471736908,57140.108246803284,55628.98138141632,55685.37117767334]