trainLoss: [1171.1050891270252,928.8022082873375,919.379435310717,913.0625964639653,907.7215489685932,903.9700797466472,900.7382246257529,897.3880742780707,894.8343052610375,891.616819358593,888.6342844846642,885.188588512559,881.5650096249236,877.0055119200102,872.3152063828991,865.5002785907535,857.0775894300721,847.0662547107806,839.1689133000096,829.4319732494479]
testLoss: [1375.742381182001,1500.4343930974949,1742.5545882343554,1373.332656443119,1702.3273565907812,1586.5435261989749,1663.816861449286,1713.0566330496656,1614.8859638446986,1696.412042888098,1634.821291807086,1729.4154977354892,1718.7463334646336,1707.232556921798,1640.1311292589403,1595.0450158673664,1704.218725216943,1661.872761457119,1696.3225678600545,1665.8192133078742]