trainLoss: [249438.56289035082,182320.76406258345]
testLoss: [47101.95522022247,54851.133674144745]