trainLoss: [739.4483072042929,698.5549788971191,695.9590957431034,694.0089397010673,692.5153569381986,691.4151310345508,690.4394148539227,689.507827672359,688.6112457437401,687.7083871904078,686.8007684531937,685.8737177332484,684.9360251894074,684.0162308149941,683.1057162214397,682.1596303263991,681.1383565825707,680.0149285362643,678.8329729431213,677.5878811907291]
testLoss: [752.7990443534458,741.7716495339404,683.7068266868591,683.4045759267414,709.3090189535593,720.8827183861093,722.9640271602218,726.7259161853299,728.6757558780847,727.9369456559112,726.9611436853704,729.7474691744932,731.9274849916242,736.7427005288528,740.4237317547356,745.5550630338413,752.1149589609854,754.2630967626867,754.4629378294208,751.890160815003]