trainLoss: [295128.2738509774,256544.89222717285,254363.9092719555,252590.0103699565,252114.28000772,251288.4920283556,250647.64796626568,250415.70856964588,250210.67739605904,250028.69415318966,249429.2950693965,249126.61529004574,248610.31443876028,247774.77514398098,247197.06510710716,246672.14285480976,246151.40843385458,245990.39124584198,245377.9463852644,245080.37365943193]
testLoss: [23581.791413486004,28808.770576119423,25671.691034942865,21929.88550195098,21959.04121442139,19147.79664108157,28141.884787023067,23288.765839219093,20335.906144738197,27667.622979551554,21534.624814093113,19835.117378264666,17296.5473074764,26413.063275933266,25512.018288761377,20193.023323699832,24354.39070624113,27401.39399921894,25476.687059015036,21398.230537831783]