trainLoss: [278781.9644365907,271965.7794214487]
testLoss: [113390.33771133423,102215.90415859222]