trainLoss: [275757.28220164776,273243.64423537254]
testLoss: [101344.43124866486,97174.32252407074]