trainLoss: [399954.3525058329,244974.8861477673,244302.8135445714,243846.18049815297,243656.23900607228,242958.57550248504,242509.2169276774,242348.39093372226,241341.58003354073,241603.74341019988,240578.77485749125,240270.72704300284,239244.68079411983,238960.70551997423,239065.77779901028,238507.9988336265,237572.8089915514,237706.60165810585,237515.03601950407,237013.29984617233]
testLoss: [50651.82667052746,62878.82101202011,67004.68473386765,75533.45769882202,66713.41040229797,66445.28221559525,62230.2830593586,54517.80829679966,66047.49669265747,50651.04278540611,58623.18444252014,62568.58136796951,58105.90703320503,66260.21961843967,60738.387110590935,66892.96102309227,63264.21735620499,46946.389773249626,74707.4133939743,54136.67282116413]