trainLoss: [441168.60240215063,441031.482709527,441003.9180160165,440998.93856042624,440998.3988798857,440998.2990362644,440998.3236089945,440998.46257311106,440998.3125486374,440998.24303877354,440998.29498779774,440998.28107333183,440998.3106940985,440998.2913520932,440998.5694748759,440998.1879298687,440998.2906381488,440998.3177743554,440998.31930065155,440998.197719872]
testLoss: [82892.82026100159,83908.06694698334,84369.54826831818,84576.62095451355,84643.24493694305,84637.03471946716,84660.62121486664,84676.27093982697,84644.05486488342,84676.4496421814,84652.4133272171,84709.905834198,84683.53515625,84641.70783424377,84630.39110279083,84598.7427368164,84648.53372764587,84621.56030273438,84680.10206413269,84709.87689113617]