trainLoss: [495.67629924075163,465.2432372599738,456.2651876634134,451.85119559869327,449.259700566223,447.38498228443586,445.5986409343668,443.59758176983155,441.44203736104777,438.6904305380439,434.87181110989053,429.35040977487995,420.3924465841717,407.05998262954193,390.4335151359456,376.39302435964515,358.2512016007922,344.45073611899477,325.2354990329939,311.8548575628118]
testLoss: [582.5515037844258,575.7905893421943,619.4442327426326,712.2201024582309,736.9779127759318,762.6437178973229,751.1134104867135,743.7318168913165,746.4271192112277,729.4835189565536,720.9175683821401,710.9238470658179,698.0184832546018,676.3793358422095,708.9388012974493,1001.1585192280431,927.0929448389238,836.4783307706156,556.0689702949217,543.3188215155756]