trainLoss: [557190.915217638,554938.7917726636,554324.6244824529,554315.5101841688,554311.4974938631,554314.8978807926,554312.0536136627,554313.8629139662,554316.3646523356,554316.2687633634,554312.1444531083,554312.9558692575,554316.2957126498,554314.618277669,554315.91421175,554315.6780481339,554315.0226719975,554317.1814895272,554317.0492790937,554315.9559029937]
testLoss: [58638.063259124756,63293.64102125168,64349.725148677826,64333.75851202011,64317.9635014534,64287.12104034424,64339.09030723572,64315.370564460754,64378.76069402695,64324.17715740204,64462.92402744293,64320.77918624878,64150.627541065216,64343.543976306915,64392.782358169556,64261.9001083374,64459.36284685135,64369.522998809814,64314.311349868774,64315.49847173691]