trainLoss: [415206.88508582115,299829.5107335448,295844.28032261133,293097.12017023563,290877.499764204,289288.7890009284,287895.5096179247,286911.1046116352,286151.0861673355,285321.71551156044,284618.8368925452,284127.027328074,283331.0658034682,282849.12941229343,282686.7126916647,281986.4697636366,281710.4345766306,281367.8326564431,281049.2984239459,280879.9770293832]
testLoss: [45892.25257444382,39937.54157209396,42210.57979297638,38491.11473751068,40418.473823070526,41295.71855592728,40406.91442537308,42063.33203840256,40739.90792608261,42534.856812000275,37518.94425678253,37868.171342372894,41482.419006347656,42352.61730670929,34895.82359409332,42543.58132171631,43775.37776470184,37847.65852046013,39886.42822408676,40458.53744888306]