trainLoss: [285361.77941411734,253990.5449616909,252049.4922940731,250646.31895565987,249564.30268889666,248911.87506973743,248338.55115908384,248075.16982531548,247303.20188850164,247047.29621636868,246547.7642173767,246082.86843305826,245690.78735226393,245326.81785464287,244850.43129873276,244469.8601515293,243989.75272762775,243855.7587121129,243446.29812252522,242982.9125033021]
testLoss: [20808.789428949356,22462.501746624708,21099.817229256034,19241.54588867724,20061.693208396435,22017.142056182027,21756.694087073207,21579.424707055092,26876.92805543542,21592.307076111436,24151.7288056314,24197.780273526907,18951.634368002415,21781.41937150061,22249.547944292426,24751.70469237864,20497.931946098804,22589.777804985642,22909.8748408556,21620.336688756943]