trainLoss: [302745.1280411482,258011.3582661152,246323.76492130756,237005.59581148624,229559.21020278335,223672.3847128749,219048.24850711226,215677.90426293015,213171.02859914303,210997.77198553085,209720.6009787917,208649.3552954793,207944.05471533537,207109.88730069995,206475.17744895816,206132.76973807812,205620.9992119372,205406.98856207728,204921.65700349212,204701.53003701568]
testLoss: [81699.73170173168,79618.17620891333,77428.49351149797,70443.64933723211,57488.5004606843,50946.500134944916,50838.83431661129,50734.54576700926,49330.32510480285,54817.53158792853,47355.08667689562,41255.33847281337,43564.549411952496,53720.30546537042,43029.96669334173,46221.765623003244,42219.214655190706,45409.803570091724,45086.32002168894,41207.8903401494]