trainLoss: [551768.6766301394,543399.9482180476,539941.2618315816,537995.2534201145,536691.4468457103,533347.5913673043,523922.6622142792,506517.81858849525,486352.53226441145,467949.5516856909,453085.933971107,441122.09227371216,431246.17878240347,424036.8584609628,418921.2034279108,415099.2813028097,412058.9121558666,409826.85904306173,407894.6331654787,406259.4090310335]
testLoss: [105082.18490505219,98726.0665435791,94311.30836963654,90323.80300331116,87008.76989746094,83705.25121593475,79151.03614425659,74702.1092004776,71994.70088005066,71243.19397640228,74037.80910015106,72134.91191864014,80213.00512695312,72821.61172580719,82615.56238651276,80728.56179046631,81919.88213825226,79072.85448932648,80091.79775810242,83412.16288661957]