trainLoss: [456299.5088273883,449898.2912531495,445801.9947652817,443476.9480944872,442408.46316850185,442062.1702490449,441996.5575092435,441989.866579175,441989.90301686525,441989.8447883129,441989.6619645357,441989.69646406174,441989.6950905323,441989.7429226041,441989.81543433666,441989.99775725603,441989.98127132654,441989.94952356815,441989.6833384037,441989.8371806145]
testLoss: [109707.63712882996,102362.72710227966,96234.62859535217,91401.09309387207,88045.2959060669,86155.51058769226,85420.91992855072,85175.33203411102,85178.15441036224,85148.15671253204,85156.1872253418,85119.82843208313,85212.92351436615,85252.98250484467,85164.89614486694,85174.6317024231,85158.22413444519,85175.79026508331,85213.94697475433,85148.27458190918]