trainLoss: [282428.84628146887,226006.2781073451,223461.50684702396,222039.94808107615,221533.3883162439,220107.37503701448,218503.67041003704,218362.60093063116,217186.78543519974,217099.6371563673,216568.31440249085,215835.33002322912,215672.33487537503,215084.79054027796,214898.3308354318,214565.55353832245,213846.8100039363,213574.92049235106,213647.16284447908,213139.97670313716]
testLoss: [59968.48102092743,65945.47471952438,71458.54281330109,52257.7439661026,68474.78016757965,65869.12932920456,69275.80356121063,74895.94893503189,63757.44529104233,63500.22426366806,72886.56585359573,65801.82849407196,63872.17803525925,65825.3263669014,73892.42028427124,60318.394525527954,70230.26173782349,74146.08129787445,72682.97435903549,64340.19772005081]