trainLoss: [536118.6559417248,535768.470497489]
testLoss: [91037.87211227417,91025.96374511719]