trainLoss: [318506.828387022,318481.16743177176,318477.3589066863,318476.5878186226,318476.61722809076,318476.43130493164,318476.3818486333,318476.46946293116,318476.4049522877,318476.49800390005,318476.42169451714,318476.49128717184,318476.2186456919,318476.52172094584,318476.4411854148,318476.4953812957,318476.5077356696,318476.3705307245,318476.3912201524,318476.26049005985]
testLoss: [73578.43719828129,73169.82180589437,73035.88807225227,73000.18257927895,72940.10845136642,72910.73617821932,72960.38495212793,72910.84203696251,72877.50060933828,72866.57273542881,72898.8830934763,72917.36438816786,72839.44993054867,72827.01309669018,72865.31612789631,72886.04138302803,72910.22562021017,72901.37435740232,72864.88018518686,72810.52441638708]