trainLoss: [451295.1863875389,446901.3671211004,444242.0653540492,441840.9985334277,439381.53468966484,436670.77527940273,433499.44629842043,429870.7567036748,425915.4306179881,421715.2638810873,417237.61751782894,412608.8506639004,407869.5578556061,403163.56282651424,398548.47026759386,393951.33753454685,389407.52883422375,384935.79409116507,380503.58238875866,375986.536090672]
testLoss: [67443.22105145454,70190.87614417076,72941.48362016678,75293.22169327736,77142.19213962555,78232.43698596954,79298.4211537838,79239.87712955475,79340.57137584686,79603.93074131012,79339.37660598755,78977.89984846115,79002.25770807266,78879.27191877365,77617.41888332367,77291.56821417809,76585.23115515709,76106.08471059799,75286.57643055916,75072.06680083275]