trainLoss: [450.4916819723029,418.2361696893839,411.6092171595677,407.72447310023404,404.53628983603494,401.323566540213,397.8950451757171,394.01439904531367,389.7968434373407,385.43244440994766]
testLoss: [766.7609748977882,708.8851635601276,673.6482707353739,677.7019217954232,649.6075729781236,655.6108919664836,662.1875335321977,675.0561354015118,684.2653652230898,688.2314128310253]