trainLoss: [561102.7116177082,559371.1188496351,558974.6823872328,558974.6823872328,558974.6823872328,558974.6823872328,558974.6823872328,558974.6823872328,558974.6823872328,558974.6823872328,558974.6823872328,558974.6823872328,558974.6823872328,558974.6823872328,558974.6823872328,558974.6823872328,558974.6823872328,558974.6823872328,558974.6823872328,558974.6823872328]
testLoss: [80443.36311852932,77903.50503057241,77903.50503057241,77903.50503057241,77903.50503057241,77903.50503057241,77903.50503057241,77903.50503057241,77903.50503057241,77903.50503057241,77903.50503057241,77903.50503057241,77903.50503057241,77903.50503057241,77903.50503057241,77903.50503057241,77903.50503057241,77903.50503057241,77903.50503057241,77903.50503057241]