trainLoss: [710.8664020339125,710.8373694813565,710.833937378463,508.61947890465194,422.3347849987055,419.15487762536657,417.0973801168564,415.0892795743127,413.29919506256516,412.0924056467649]
testLoss: [659.9859732916722,660.5268319761142,660.7708442509174,647.8273761299176,647.7578858076475,637.4039354728153,638.7697825963633,635.7722594098738,642.6686354387098,648.6862965836309]