trainLoss: [49.327816067627055,47.111749907384414,46.61721955999463,46.34397306641739,46.15083417423025,45.99286007840552,45.83737675504001,45.692470016991926,45.55512486834803,45.430017169653055,45.31118257718836,45.1827601827696,45.063769323051815,44.943277907688056,44.79980387369951,44.65301119831497,44.488060938481816,44.32561881852174,44.152496303184954,43.951863677223365]
testLoss: [51.131121759267394,53.054106646707005,55.18804442509391,55.076917201132325,53.97696573434283,53.115925090921856,51.80877648397761,51.55631728151545,49.98832166271522,50.126547677130446,49.05354571962732,49.58959499448785,49.78320862701283,49.25248311830694,49.48467890604416,48.98411787838781,50.34309942192502,51.927914821686436,49.30300928083917,49.77928199783388]