trainLoss: [219023.25684446096,169313.461391598,166594.85717371106,165507.91005843878,164980.50706017017,164577.58560672402,164267.2633690238,163975.88278362155,163681.37633565068,163418.43226772547,163150.0532157421,162928.4599057734,162630.22895029187,162377.46140486002,162055.38206321,161756.6254181862,161413.35956129432,161085.83330121636,160715.81877565384,160421.18759387732]
testLoss: [38845.678434848785,38512.652052402496,37232.528624773026,37799.78803014755,38561.41328406334,37770.75269460678,41860.666973114014,39717.06242322922,38508.741648197174,38592.63581609726,36860.52553606033,39403.684200286865,38407.05541110039,37554.07571434975,38338.65611958504,38747.24426341057,37111.12547016144,39767.93750524521,37471.31475186348,38413.62014555931]