trainLoss: [379342.22257065773,327289.54964995384,322725.91841739416,320011.29916352034,318191.84094822407,316492.2385419011,314818.0944390893,313368.3036400676,312365.45192348957,311711.9493842721,311140.2002286315,310767.5155353546,310393.79333513975,310122.3533836007,309713.7649207115,309358.01795989275,308995.7029634714,308751.2502602339,308466.1994999051,308215.8778858185]
testLoss: [50030.829753398895,46248.90256357193,46479.19154596329,49173.72805547714,46539.54032897949,49635.75675582886,50360.163918972015,47834.01216125488,51054.594878196716,46827.93884515762,47376.61436128616,48245.71544456482,49226.21866416931,48997.1982793808,49921.35452890396,46934.44316530228,46201.06093168259,49565.93367242813,47898.06957435608,48349.37315607071]