trainLoss: [270912.6769505739,270734.31772601604,270724.6898198128,270724.1574356556,270724.3854202032,270724.2722020149,270724.29905700684,270724.6504830122,270724.0781441927,270724.0514444113,270723.96146309376,270724.18207740784,270724.46133100986,270723.7511227131,270723.9971984625,270724.709482193,270724.55942618847,270724.2246539593,270723.73303472996,270724.2634193897]
testLoss: [86306.40692710876,85020.20250892639,84716.03946399689,84575.8208990097,84678.34146213531,84610.77129745483,84623.55093955994,84641.29869556427,84725.93942070007,84729.46522140503,84829.81512737274,84694.96574020386,84641.73849582672,84827.00504302979,84914.83392620087,84890.10031604767,84677.61679267883,84635.83584976196,84828.74117565155,84666.10319423676]