trainLoss: [539295.7550222278,536266.010310173,528136.1263840199,512837.53641813993,492291.14289319515,471109.91753846407,453976.20662653446,441047.6827148795,430539.66373354197,421600.634655416,414808.29866987467,409677.77738279104,405695.32378965616,402368.06274974346,399611.0116084218,397169.3662433624,394904.16611248255,392890.45878723264,390878.8783903122,389090.79860782623]
testLoss: [83901.75167417526,81587.77070641518,76111.00950193405,74759.48955845833,74554.12537074089,72268.22764086723,72176.08250570297,74185.75422883034,73487.37657046318,75478.64246249199,73279.07591462135,74579.93403458595,76005.78446149826,76984.66367387772,75896.83350110054,74447.89710593224,75967.70795488358,75921.81830048561,76490.13824701309,76767.58303451538]