trainLoss: [555181.0878252983,555181.0878252983]
testLoss: [68754.65532302856,68754.65532302856]