trainLoss: [368956.10173392296,335073.671826452,330987.4005483985,328661.98882970214,326203.65579253435,324648.13307616115,323316.7013887167,321979.72824010253,320663.18623295426,319451.0306378305,318627.4140820205,317430.83623349667,316926.8703318238,316112.5421939492,315569.03981524706,314911.7890150845,314540.0202985108,313994.52854922414,313340.7957313955,312345.7585232258]
testLoss: [71725.38782572746,109540.3740055561,69304.79913640022,78596.48265099525,80198.12623858452,86854.10204052925,88030.35141921043,95549.22784686089,99404.97433590889,99618.14143514633,93355.32819342613,96678.28246974945,91194.20896220207,82668.59037685394,76636.2148463726,80803.85739850998,82528.19891953468,93406.56679034233,84733.48458313942,77469.2230668068]