trainLoss: [286869.7205425501,285055.6897393465,283862.45416879654,283131.78712677956,282729.52208155394,282545.99248820543,282478.6047517657,282459.2989156246,282454.9597277045,282454.0540216565,282453.736879766,282453.82197862864,282453.86586833,282453.808778882,282453.772028327,282453.75911819935,282453.7674997449,282453.703912735,282453.795938015,282453.719715178]
testLoss: [87436.12515062094,83637.3616771102,80431.5039626956,77816.93493062258,75782.26214063168,74437.59085261822,73588.07765507698,73203.80327516794,72944.0376805067,72879.54885870218,72850.22630798817,72845.46963334084,72808.85069668293,72797.06284713745,72797.2619497776,72812.3749821186,72800.52319329977,72765.82413369417,72778.40739434958,72808.60037565231]