trainLoss: [317946.08393502235,256621.9001044631,212108.39368483424,205584.51244476438,204334.6339352131,203556.34631356597,203012.66843545437,202546.39494547248,202158.19967770576,201870.26770707965,201586.2527472973,201319.8951022029,201096.418376714,200938.73529073596,200785.0113464892,200652.34183558822,200549.63751199841,200462.5529204011,200390.8523592651,200333.8756852746]
testLoss: [79325.8315987587,64098.20019245148,74122.69091463089,73349.30065369606,76468.79523777962,73657.73832082748,77033.08897447586,76353.4852180481,75656.60950899124,74491.79829335213,73681.98970198631,73553.02004599571,74331.99846768379,72775.55464029312,75099.63248896599,72813.82103037834,75704.86437940598,73348.55545592308,74600.87030434608,77071.69781064987]