trainLoss: [241.75096306763797,229.75103490823645,226.71218113070321,223.9632311767333,221.82014921291025,219.49865571276328,216.65323499493408,213.11995338441,209.23720962057234,204.91629689508486,200.40007799179122,195.68281159552433,190.83560744189265,185.76504053349103,180.59933770711757,175.49182388388223,170.3084883016103,165.02852920994377,160.29495229662191,158.80296782922665]
testLoss: [413.8873363968938,426.14836816108505,430.48925208629566,434.14429113546083,437.3047172955649,450.59606690583536,490.595413178552,531.994726819701,555.6998853716393,570.0602337146221,586.0289210056843,599.434512322552,607.2070278920406,616.0833319297363,618.0493611842394,623.6017592240904,630.4321578278444,644.7703576087952,662.7277113701715,707.1029055702478]