trainLoss: [249702.9555451721,214152.935786888,210854.17901646346,208630.28447926044,207716.67223852873,206363.90524017438,205183.55360341072,204222.25483912975,202979.5029694885,201671.9259904027,201064.940396823,199526.98657917976,203365.4326645136,198928.0331465304,198519.91184218228,198189.0031733513,198376.90597116947,199577.00391042233,198949.14783501625,201309.86888611317]
testLoss: [170533.3828315735,70677.50110149384,115752.55467510223,61362.64620780945,80401.0096540451,109461.78601551056,84520.58723449707,99714.32007980347,70377.64998674393,41875.54381656647,80349.2094297409,187747.91200637817,121154.61491680145,104358.95238113403,51626.8546500206,46832.895961761475,34930.94692802429,42949.98039102554,169002.725522995,151684.99892234802]