trainLoss: [310495.2057994008,307594.13474553823,307577.1406441927,307585.15923702717,307576.33613687754,307559.1321940422,307579.6705548763,307565.21165919304,307569.92243492603,307566.7400723696,307576.86217546463,307571.6774368882,307565.958080709,307576.0116122365,307569.35215616226,307569.5056619048,307572.928565979,307570.3434563279,307571.08115524054,307573.3928208351]
testLoss: [83846.77840995789,85241.26968955994,84836.2963962555,85180.83447647095,85598.43846511841,85274.13899230957,85484.10006904602,84519.34488391876,85140.25696182251,85032.51643753052,84809.33290958405,85340.41321659088,85262.4737739563,85275.41286373138,85369.2291765213,85073.69483470917,85319.2863483429,85194.51501750946,85141.96535015106,85490.80343914032]