trainLoss: [49.80951719665575,47.29909520866507,46.806846075982655,46.39839383907475,46.05810711858636,45.81250309578086,45.60563802344136,45.41781115542618,45.223210240188884,45.020540958339886,44.840045744525355,44.626048452202845,44.40881287681973,44.153879902399666,43.844400125533966,43.48499041312594,43.078674526597304,42.64260474165915,42.129563638689746,41.57740683059987]
testLoss: [98.14256730057022,103.36767532617479,92.65699102165048,92.53795782196214,93.60587013557385,92.32800072530263,93.83411286934994,92.5426517154221,92.18374225946206,90.53290097397392,89.39527803944704,87.64539857048644,88.59652493466805,86.14294129667837,84.8884246401212,86.70248192199693,88.94711093925939,94.72287714548759,98.45318851113223,93.30581198822894]