trainLoss: [265624.49476104975,242253.40259104967,237071.60305136442,232428.08052125573,228792.79521265626,225553.4908941388,222304.87357896566,219713.95001995564,217263.67122247815,215241.5998108983,213363.0262286961,211798.66791975498,210173.03464898467,209071.7229977548,207760.66401171684,206888.75079283118,206162.57897874713,205121.04257458448,204545.30205392838,203875.27569925785]
testLoss: [103199.40653324127,95454.26576137543,94360.37512016296,95325.23572063446,79494.15418148041,83219.0220041275,89274.81478595734,71975.62121391296,86269.99920272827,76916.56409168243,74218.90398597717,79774.12656784058,84505.58968257904,72100.55893707275,72186.59877681732,64080.46898317337,81115.52027320862,68290.16843509674,66017.24976539612,70028.60124874115]