trainLoss: [267255.6016789675,210303.23217314482,202711.6698717475,202128.38229718804,201786.58825024962,201467.4234264493,201002.27730065584,200564.25163441896,200122.0786933601,199801.89845824242,199562.79439038038,199422.33123096824,199226.84052965045,199068.8271933794,198935.08264786005,198749.35895717144,198571.52679255605,198368.17360687256,198144.96255025268,197913.53378140926]
testLoss: [89294.36145401001,61411.18497800827,61802.27672433853,58927.68839883804,60577.230399131775,56866.38757562637,60567.30569458008,60799.59866523743,59864.14720439911,59483.131049633026,59017.39459323883,58203.73377084732,59913.08667230606,61440.80310201645,61088.404888153076,62483.59474468231,58810.57006025314,58236.048765182495,60542.254150390625,57550.96736240387]