trainLoss: [320272.6279515624,319266.8784381151,318910.68836832047,318491.47927975655,317878.1077591777,317013.8297312856,315895.6639110446,314412.91271173954,312482.42821604013,310181.15927505493,307458.4353747368,304491.57267183065,301331.1384728551,298072.5648084879,294783.15093165636,291485.3614926338,288299.83057546616,285268.415366292,282408.1027870774,279666.44781702757]
testLoss: [67533.07259654999,64704.05561542511,63283.53646659851,62452.6021194458,62004.54940986633,60816.42835903168,60087.48488521576,60434.89083957672,59488.886061668396,59430.23842668533,57790.63488817215,59032.55602788925,57808.12881755829,58512.276856422424,57887.461198329926,59262.73801755905,57113.74662876129,58252.7912902832,57490.6571893692,57431.10659074783]