trainLoss: [280103.8838842511,279807.4962954521]
testLoss: [65055.43307161331,64960.850892066956]