trainLoss: [369018.65245205164,325614.0441772342,321058.21098828316,319129.29466181993,316613.5699919462,315318.0734601617,314097.10900986195,313498.1321236491,312875.5615673065,311600.14214140177,310847.2724017501,310094.0453335047,309529.1368083358,308878.434951663,308292.51053094864,307785.580260396,307365.6079387069,306997.2969210148,306723.94012886286,306245.2768136859]
testLoss: [58856.44973421097,49568.23572063446,60127.215302467346,45652.83509683609,61442.33807373047,54196.7192158699,47886.50802755356,54286.7926864624,50624.11231470108,51779.918952941895,46930.74406814575,55131.820125103,48763.017948150635,52596.1454539299,47422.24062013626,48656.96059370041,44136.65138864517,52004.39003419876,49388.9118642807,46337.04305791855]