trainLoss: [297400.01625442505,225817.88764601946]
testLoss: [67478.09463214874,50530.43723201752]