trainLoss: [320111.53906559944,319564.07362145185,319298.3186674118,319057.85230618715,318770.9596179724,318390.937122941,317908.4509932399,317310.28093624115,316609.19206625223,315793.4365121126,314917.1193740368,313940.5711141825,312902.1198846698,311798.5739031434,310616.60977464914,309357.414634645,307926.80262190104,306393.63632303476,304622.3239492178,302727.8475073576]
testLoss: [71038.41710615158,70625.87606811523,70479.64228630066,70518.44866847992,70587.7517786026,70911.71026563644,71332.08769798279,71683.33332538605,71540.69185638428,72014.89382171631,72403.46362161636,72542.55288410187,72600.67308712006,72745.40268182755,72441.79694604874,72243.62314081192,72083.90370225906,71226.81088733673,71417.10196113586,70495.0217499733]