trainLoss: [307209.8629167676,220812.5895883143,207966.1095342636,206275.64653259516,205287.06364899874,204645.77974522114,204131.61187458038,203734.087392807,203446.36498466134,203159.0099003017,202980.5857449174,202790.0379282534,202639.71167108417,202498.23025238514,202428.14589220285,202241.83653873205,202126.21495950222,202045.8733432591,202000.5452207923,201876.75400292873]
testLoss: [55036.391932964325,63470.79761123657,61775.47616481781,60833.83137178421,64251.22479581833,62200.86911010742,59098.49505710602,64580.02344226837,62125.47152471542,63484.948650836945,59280.737456321716,62045.81106567383,62358.42702770233,61290.49186229706,62255.75436544418,59776.6820397377,60962.47652339935,61145.87217473984,61551.637966156006,59936.07933807373]