trainLoss: [292320.4872520566,247755.49657529593,243012.65733355284,239337.83864498138,236505.97440832853,232694.139282763,229886.64098155499,227655.66612827778,226235.52449804544,224050.13216650486,222635.83910948038,221431.84841495752,220065.91375103593,219707.13509729505,218298.09667021036,217473.8952793479,216300.28446245193,215274.01649662852,214676.9727139771,213938.0159317553]
testLoss: [59683.6316242218,84608.9827375412,59738.76787567139,65677.84414100647,65737.71357488632,56216.02506160736,59920.52481555939,54000.53738260269,52614.5741853714,59766.41101312637,63139.77859258652,61001.217140197754,53915.39300823212,68068.66821861267,74657.26885223389,62188.74080991745,66552.00125789642,51607.07876396179,68756.45917892456,58132.887296676636]