trainLoss: [442500.28675597906,441698.34103119373,441699.2940328717,441693.2082826495,375274.6665852666,345843.82040321827,345113.51832962036,344643.57245224714,344032.5547801256,343494.49411302805,343242.971976161,342862.6363812685,342634.98692679405,342399.85516375303,342217.89440351725,342131.5992347598,341932.08440607786,341777.5694234967,341654.7968457341,341522.5337253213]
testLoss: [90454.92705535889,90452.2567691803,90449.57681941986,90446.53558635712,106285.63754844666,109567.72691345215,106413.37250041962,107024.70452404022,111887.7073354721,108913.12463283539,107775.64148139954,113667.16071224213,110784.60034275055,108429.20464897156,107019.78512001038,106704.99194145203,109852.6553440094,105719.16683673859,110157.6604423523,108034.31889247894]