trainLoss: [283367.92541104555,282906.682541728,282900.91702860594,282901.8086400032,282900.3979039192,282900.3979039192,282900.3979039192,282900.3979039192,282900.3979039192,282900.3979039192,282900.3979039192,282900.3979039192,282900.3979039192,282900.3979039192,282900.3979039192,282900.3979039192,282900.3979039192,282900.3979039192,282900.3979039192,282900.3979039192]
testLoss: [77925.52144998312,77913.06551331282,77911.30649578571,77903.50498437881,77903.50498437881,77903.50498437881,77903.50498437881,77903.50498437881,77903.50498437881,77903.50498437881,77903.50498437881,77903.50498437881,77903.50498437881,77903.50498437881,77903.50498437881,77903.50498437881,77903.50498437881,77903.50498437881,77903.50498437881,77903.50498437881]