trainLoss: [490.71181264353936,465.8673021955803,459.69266045282495,456.81861095887933,454.8388523613584,453.1734618536291,451.6115872990568,450.20244513798474,448.7756837983683,447.27755458531976,445.6814557214136,443.71203619125686,441.3001251227665,438.19532125608146,434.0092823940668,428.55939092535993,422.017009405326,414.6738730354423,407.9066538878026,402.7785249263943]
testLoss: [456.68415373294874,424.2021404908116,400.3114374015564,380.07140179045666,388.3237733512669,392.06352419635857,388.7622710599711,394.60673648869636,397.97869630236374,399.3537512483229,405.93758698860955,411.8207239110891,418.2488020975563,431.1596525238645,444.05853326831544,438.82783421930066,440.0228938696752,450.48027079703667,422.95981530262566,336.2469856441021]