trainLoss: [257130.80657607317,238018.16899114847,230188.60609930754,224135.27420830727,218816.62081968784,213904.59571433067,209383.88168868423,205171.4528824389,201247.82672280073,197616.15746295452,194236.53456258774,191138.56960567832,188238.47272139788,185594.5481953621,183107.9952482581,180806.044572711,178668.15273216367,176686.74325028062,174857.65790447593,173137.57623839378]
testLoss: [86312.25245189667,82162.83781433105,78208.51812076569,76528.19749879837,72453.83892011642,69074.46502828598,67596.67333984375,63669.57406425476,62825.824261665344,58925.30337142944,58699.41373157501,56229.981016635895,52302.92967033386,51642.34952735901,51590.92355298996,49231.24546456337,49396.281535863876,48193.89376449585,48475.44630241394,48043.00279831886]