trainLoss: [687.0290392241694,628.1867562914049,625.6403770269511,624.2560561914722,623.259679587166,622.5180505840423,621.8764062162344,621.3372421315352,620.7553078592598,620.2510372206763,619.7309532290542,619.2716784865438,618.8037703054292,618.2865653339918,617.7780096184124,617.1734798179432,616.5752868976299,615.8944411929165,615.2595884440394,614.6811884330077]
testLoss: [703.2190745746389,667.3650983286839,662.3089671639835,659.3968662794898,658.0924631511464,660.819864172094,658.0755531605553,665.7319238284055,668.285203236692,667.9043648874058,661.3284154709647,658.094610282954,656.8080161262961,664.5648722298005,670.7246562831542,666.8186934961992,667.2528281955158,669.8647323720595,670.5528830556309,667.020170509114]