trainLoss: [459724.9453048706,459470.5218396187,459460.82932674885,459462.13528704643,459460.48601293564,459459.95306253433,459461.7316914797,459460.5624383688,459459.0245859623,459459.6819988489,459458.7036616802,459461.4443604946,459461.78424727917,459460.7583795786,459460.41380643845,459455.09302163124,459459.0955725908,459461.6664031744,459458.9853003025,459461.11991107464]
testLoss: [71695.22784650326,72647.1430028081,72814.44971430302,72911.36453992128,72901.64998543262,72811.52506542206,72750.14617753029,72892.19577986002,72720.6666855812,72869.30982124805,72848.91778928041,72840.7680157423,72856.42600023746,72768.38232243061,72835.29883491993,72764.49896609783,72840.8190960288,72911.3889517188,72930.200540483,72865.24628043175]