trainLoss: [229909.5170596242,207914.23245298862,203594.07174795866,199270.78864261508,195995.23371130228,193151.49627125263,190107.55167007446,187516.67162379622,185539.53465393186,183579.8163422048,181496.65567857027,179879.84678706527,178023.55583560467,176910.23947682977,175479.47451373935,174479.8991498649,173228.70535868406,172553.04528912902,171551.9504545033,170786.56568995118]
testLoss: [68428.62106812,65636.38807070255,62530.654697835445,60256.65496468544,56615.143780618906,54416.011131733656,51066.41246384382,51193.436909645796,49095.82257115841,45677.99755907059,43538.90379238129,44834.61150446534,43988.57870158553,41632.31606113911,39581.25662150979,38880.19090119004,34677.578138291836,36188.82411754131,37479.491944253445,37014.78042653203]