trainLoss: [309790.9017224312,309776.6400190592,309776.63797801733,309776.5069594383,309776.4834087491,309776.49896383286,309776.4867568016,309776.4867568016,309776.4867568016,309776.4867568016,309776.4867568016,309776.4867568016,309776.4867568016,309776.4867568016,309776.4867568016,309776.4867568016,309776.4867568016,309776.4867568016,309776.4867568016,309776.4867568016]
testLoss: [90450.8548784256,90450.74835324287,90450.3185904026,90450.16213417053,90450.30169987679,90450.16213417053,90450.16213417053,90450.16213417053,90450.16213417053,90450.16213417053,90450.16213417053,90450.16213417053,90450.16213417053,90450.16213417053,90450.16213417053,90450.16213417053,90450.16213417053,90450.16213417053,90450.16213417053,90450.16213417053]