trainLoss: [310226.8099488914,249566.84051531553,248041.59162682295,247089.262591511,246179.9005010128,245770.08470243216,244790.7315042019,244462.29255595803,243941.83552500606,243466.6800094545,243118.6267746389,243028.30503946543,242575.59884360433,242394.65746885538,242109.8192010224,241783.0704804659,241533.963457793,241323.67295077443,240623.52809080482,240503.6614445746]
testLoss: [44496.130148649216,51260.34502840042,50862.4245736599,49463.15561199188,50157.14640426636,52875.94453239441,45649.373364925385,54417.75637769699,51059.537920475006,48743.7615442276,51321.673277139664,53294.167895793915,43659.17775940895,53422.19929790497,47330.25010061264,49731.324607372284,47846.225467681885,50087.7548456192,50763.62734079361,50844.37078619003]