trainLoss: [475077.2665991783,465617.59563684464,460604.1174504757,459545.806209445,459460.5027066469,459459.9398647547,459460.09524285793,459459.70472335815,459458.8739492893,459457.7992583513,459458.5774437189,459458.3359055519,459459.3729040623,459455.6289283037,459455.93941271305,459454.80216670036,459453.5504322052,459456.3051017523,459456.18120110035,459451.5870887041]
testLoss: [55990.22724491358,63799.49777531624,69966.26242232323,72298.31786674261,72780.93938487768,72776.76632136106,72893.95940428972,73100.49712085724,72987.98354184628,72918.4412381649,72809.6788277626,72668.01719224453,72754.58791822195,72935.38233441114,72975.53630107641,72958.51467084885,72868.45504945517,72547.93630307913,72718.27878302336,73032.66543203592]