trainLoss: [224626.81943899393,172262.53317788243,163174.92795214057,160702.6801251471,159857.26771250367,159526.51815614104,159219.75484359264,158954.08182775974,158753.23492845893,158573.83866256475,158381.6650956571,158217.09833213687,158022.17988321185,157832.14036157727,157639.96762239933,157445.694896698,157241.20261535048,157009.0732294023,156749.47741165757,156489.51752254367]
testLoss: [67415.1412396431,60139.13657462597,59049.978507995605,60399.000980615616,59398.58978676796,60265.03270661831,62813.84850645065,62015.58746993542,61879.44451773167,58480.9625030756,63492.564574599266,62792.82566714287,62138.348551392555,60824.554750442505,58967.38688600063,61777.76977443695,61897.72752571106,65659.04694676399,58768.724230885506,56261.8328704834]