trainLoss: [739.8840166098884,695.1014016986508,692.7093846090949,690.897131482726,689.577105787236,688.4540779171735,687.3956756470266,686.4272663095221,685.5343624034903,684.6363130911315,683.7539846677961,682.8439858086057,681.8680404611401,680.8165743971608,679.6401665886652,678.4116076637243,677.1393619058537,675.8122638403208,674.4760604434884,673.2053518616525]
testLoss: [886.4482809552959,802.5573766736424,730.2056593586417,735.4578879594803,776.036998311211,797.2617534244762,808.8826274128521,807.8400294963051,812.6430464828716,821.293971603057,823.6789236251045,824.8711001830942,823.0412381186205,826.5784211845959,824.4348979220671,824.7297469097025,829.5023347882664,832.9861189112944,831.9046677435146,836.7094196403727]