trainLoss: [1084.050635807446,933.644226190567,925.3406198243073,919.4729229226112,914.9117502291883,911.5112478762354,908.2001129988603,904.802603481429,900.6144474037716,896.3640777801105,890.9599690579346,885.0834724361896,878.1491062979358,870.7403246125834,862.3238277037825,853.3378125969001,844.7107046870505,835.016687871933,825.3708281977517,811.79138807324]
testLoss: [1188.4697518180399,1147.3214614718568,1036.5393246669396,989.2222077911975,1060.2600252338484,1070.2067014208028,1010.4835264542523,1038.2468154383641,977.6537580826704,1038.392198525223,1043.1769776437798,1058.663265318029,1064.023929005043,1066.6250736909753,1075.6228879442401,1090.5181410695993,1029.161215688668,1116.4108653797823,1061.9213002073998,1250.9254796046837]