trainLoss: [328404.9159376621,325006.83648985624,318771.53647971153,313480.4792844057,310373.1484205127,306963.5301812887,303180.00147104263,299222.31389164925,295073.79894834757,291017.5179423094,287106.3122341633,283517.62775057554,280192.4959012866,277171.67537236214,274347.3802947402,271741.31629920006,269360.86152374744,267204.6395920515,265288.4266524911,263509.34809798]
testLoss: [94661.02013123035,88789.03819608688,77802.31885296106,71354.2361754775,69812.63941001892,66657.05483478308,65311.840736567974,65345.753307044506,64001.61137676239,63188.811068058014,62963.04419314861,61973.978517115116,62774.36532574892,62863.57034158707,61397.66857254505,61808.75781452656,60178.62777632475,58769.61443448067,59001.390942037106,59343.03059822321]