trainLoss: [286815.5928940177,217344.9180238545,211014.14640402794,208634.3720317185,208073.0733090043,207831.7945138812,207678.83655387163,207484.26715528965,207292.89176550508,207105.39597967267,206876.57459449768,206570.6047759354,206252.4922300279,205878.8263912499,205459.555146724,205098.68701535463,204672.40898954868,204327.52422776818,204011.98237767816,203731.3536080718]
testLoss: [44701.56537339091,40479.385817080736,38568.2153352201,38144.77549105883,37683.29535880685,37466.307820379734,38643.15827983618,38020.525546729565,36815.7945857048,40890.45709511638,41515.41309568286,37313.75077497959,38258.33885282278,38261.03531011939,36295.11689168215,38407.62994387746,37639.0652936697,38318.25786295533,36313.59926387668,39710.934268713]