trainLoss: [221.13095589367992,205.8026594525156,203.6237832354122,201.53255101979016,199.57979573940693,197.4325286239821,195.07452279147242,192.58213781495178,189.7894956986426,187.14161958696832,184.12810002718552,180.92341721212247,177.40562832484127,173.7863428338986,169.94739424293815,165.89466027373257,161.5289642746804,157.01490496512588,152.38633171592656,147.62315407848533]
testLoss: [218.82941127843893,216.1359308971969,218.62290711254462,220.58807463497504,222.08944556314194,228.37563530665892,236.66047182713965,249.0365052705609,254.51194997705838,259.5097219248226,258.0979263290821,260.31328664957783,266.2136542435286,267.56732356965773,272.6291896063066,280.1303374145745,289.06160106362074,300.8432891897654,318.94469602748114,332.216117827345]