trainLoss: [272756.7643184662,206324.50605416298,195799.0230690241,192403.23983424902,189637.58866912127,187491.2316403389,167980.24958765507,161239.54898691177,160663.18007957935,160390.69857692719,160312.06613391638,159970.44239288568,159754.77882432938,159620.13660347462,159524.73859626055,159497.99071586132,159378.36904287338,159277.62744432688,159213.45808833838,159180.1108059287]
testLoss: [60070.7632188797,44382.99643468857,48086.672513484955,44136.67455816269,43477.63522720337,48205.40878868103,57443.97088479996,56081.41989183426,52103.503241062164,60207.60543394089,54618.42861557007,55456.902074337006,56844.09554195404,53969.705389499664,55138.505905628204,58157.895018577576,61124.628177165985,54124.22161817551,56819.26843500137,57365.68706893921]