trainLoss: [316407.6805135608,313308.1786607504,311111.8249832392,309563.9975247383,308585.0127412081,308018.8942351341,307735.3345836401,307610.2651851773,307573.59888893366,307560.0663256049,307558.36256569624,307557.798976779,307557.80404400826,307557.23525720835,307557.1618593931,307557.2799335122,307557.3267663717,307557.1995192766,307557.1191882491,307557.0188179016]
testLoss: [108808.85326576233,103664.89840507507,99189.95039367676,95283.49585437775,92085.13174629211,89569.01352405548,87774.78235721588,86567.87752056122,85948.21875190735,85541.48513031006,85452.19709682465,85434.56413459778,85395.47204875946,85275.73298549652,85225.33658409119,85173.91792964935,85201.2670955658,85229.19890499115,85155.4810628891,85291.03134536743]