trainLoss: [683.9431980860761,630.2396607134161,627.531730653704,626.384395456465,625.6766975903813,625.1624018170788,624.6508387238541,624.159871683581,623.6667440908242,623.2032910349249,622.7583116500438,622.3344004560121,621.9176213302944,621.5045600352785,621.0512430072586,620.5739315441515,620.0701612527989,619.5951558222122,619.115002634216,618.6122350195541]
testLoss: [698.3549525393653,642.0879522598896,638.6121000715137,635.9450801979635,623.4085191279343,606.4273743543429,604.1963633692142,601.9724868351651,604.279813269979,604.2494210324337,616.1746015880526,616.8850359781501,616.3413467468674,615.062608012219,615.6870712951287,618.5122267278199,622.2937290496433,628.8813918386538,628.4367211073944,629.7077407210144]