trainLoss: [689.2292701961558,629.3651372018203,626.8653235681696,625.6093597290562,624.6944031969394,623.9982697761137,623.4039571850908,622.9344855272692,622.5007380303215,622.167542058658,621.6666211164076,621.1558232686099,620.6634526408576,620.1953333948172,619.593219020164,618.9300143442902,618.2855233052197,617.662305415222,617.0273310246811,616.3125087153678]
testLoss: [779.0061629942485,832.4031335983958,1022.6605094313621,995.0975578870092,987.6312817505428,995.4593323077474,1013.8282893419266,1029.3342349648476,1030.5712654556546,1020.7811875104904,1011.860561294215,1011.2214173402105,1006.7004633869443,998.3021185602461,994.3655748571668,988.6655710560935,980.1205233437674,979.5698032328061,959.17986688103,956.9891787324633]