trainLoss: [266428.4311019778,265730.951908648,264958.1369590163,263895.44251328707,262588.4239818454,261115.75035345554,259568.4933899045,257989.8487315178,256471.5327028036,254894.50975596905,253423.6511323452,251925.47467410564,250485.42347043753,249068.4671881199,247525.6685744524,245923.5498907566,244102.60997736454,241971.0317607522,239543.72219598293,236788.798735857]
testLoss: [79327.62226486206,79120.91498088837,77982.20991039276,76147.86332130432,74010.26243591309,72204.38747406006,70042.89743995667,68577.99385070801,67042.9721956253,66037.24936103821,65627.32381439209,64596.493173122406,63931.35187625885,63260.96775341034,62420.8069396019,61149.13713645935,61178.608798503876,60842.069652080536,61170.78778553009,61062.459400177]