trainLoss: [408358.39319485426,327242.967184633,325689.447342515,324602.5413540602,323688.43193650246,322987.7294037938,322373.73929706216,321760.16092061996,321366.3621734977,320932.32950630784,320687.4383393526,320439.37111595273,320263.0120687187,320126.17155247927,319956.263068825,319887.8379662931,319728.44392451644,319645.8134441972,319607.7078432441,319486.9572136402]
testLoss: [79207.1881480217,76490.24689054489,75603.13443350792,77295.44146299362,79674.33108091354,76213.60873317719,73026.87972450256,82124.22499418259,76817.02836060524,75404.81945896149,74535.19024014473,79643.72253203392,79914.75884532928,77117.10872983932,72145.26230168343,74877.45741128922,79791.87078976631,79940.96868729591,76800.97720313072,78065.89167404175]