trainLoss: [460108.6434544325,459569.4721086025,459467.3553009033,459461.0378907919,459461.70976662636,459460.8769761324,459459.1487790346,459460.2493544817,459460.2057993412,459458.1688475609,459459.4977469444,459460.2914698124,459459.9027323723,459460.1239002943,459460.30825173855,459459.3154196739,459460.41332829,459460.12775063515,459458.9006136656,459460.8418916464]
testLoss: [75915.28591626883,73750.37835907936,72987.82222753763,72884.28496807814,72875.91892451048,72834.98242908716,72934.45354861021,72904.6647991538,72796.04465520382,72812.1388193965,72776.41414791346,72866.08166694641,72824.9499297142,72851.12690275908,72819.60197103024,72891.29620558023,72841.75978803635,72888.87650161982,72725.94447296858,72816.95914828777]