trainLoss: [50.76168350761902,47.139647185473976,46.74338968296448,46.45921674563077,46.251146115670224,46.09096527417341,45.95418425428724,45.82845147122482,45.71192171726533,45.61437951616032,45.507767109952134,45.39928293415086,45.30151864668291,45.21270436904951,45.1167381805504,45.010627147179086,44.89989049425106,44.781759753811336,44.658111473356556,44.5203473062219]
testLoss: [62.791954843040564,63.71863424197043,60.19954586900466,58.41454252827237,56.376249343447284,55.29471244310078,54.896655518990045,53.83833835324813,53.537628488408195,53.7989580372156,53.46593458099439,53.03333958826567,53.26700570560687,52.7618471098806,52.95080259503328,53.16508457032677,52.15166670542217,51.453926310386166,52.316028987556756,51.85304459719601]