trainLoss: [439798.16540026665,398369.7830004692,384551.4735608697,372628.39987432957,362741.9746065736,354208.6037606001,346872.373739481,340479.9256184101,335532.485162735,331212.09634298086,327728.1730402112,324799.7640821934,322559.04685884714,320906.752415061,319197.317052722,317696.0686779618,316549.21263712645,315740.10065853596,314675.75210285187,313962.21064555645]
testLoss: [91199.93580627441,79850.09927749634,86799.61420631409,76328.47226238251,79053.26471138,65901.45058631897,65628.86937332153,66927.74474048615,61202.815465927124,70109.88109302521,59407.94020318985,52210.297785282135,50627.44475650787,54659.277945518494,56044.139159202576,56868.405744075775,54813.90362739563,51300.37103509903,51404.478959560394,54973.32254552841]