trainLoss: [383099.5429123342,334303.1958158314,328029.3509630263,323117.63608169556,321706.559482038,319822.6686242223,317967.05596902966,317209.09504175186,315889.2225458324,315524.2886427939,314386.59416145086,313521.05223435163,313055.244987607,312352.7684248388,311834.529578954,311323.5886977613,310361.63286581635,309911.6293916106,309429.6664904952,309152.25032773614]
testLoss: [84361.65787029266,77544.28539562225,68052.89003658295,74596.52038764954,68912.92237663269,109288.2207107544,90009.20658302307,66707.72108268738,54994.1586356163,117165.20423603058,65061.930711746216,77395.93253326416,78786.0056886673,71344.73142910004,55975.01160240173,86140.32287979126,73769.18649959564,81252.7898197174,78762.22602462769,68398.53010082245]