trainLoss: [311155.23106098175,310567.03309577703,310266.98236626387,310081.3940039873,310022.44707494974,310013.2944763899,310014.5172288418,310014.8611935973,310011.37365692854,310011.97294706106,310011.87054246664,310013.52028393745,310013.8440024853,310014.8153501749,310014.7287668586,310013.8570317626,310013.9368291497,310013.86546736956,310016.11412256956,310013.8320029974]
testLoss: [91913.05093479156,89748.92464351654,87633.24933815002,85796.20036125183,84950.34312057495,84650.09050750732,84584.78851127625,84542.63605213165,84566.81280708313,84573.6120223999,84571.28786373138,84602.94516086578,84558.88827133179,84504.16384506226,84597.3464679718,84557.01452636719,84628.33330726624,84509.98539447784,84621.42438316345,84585.03919124603]