trainLoss: [473542.47457689047,466808.95634412766,462662.94335985184,460417.2212956548,459468.6998651624,459204.10318267345,459163.44160598516,459159.89588046074,459159.06643521786,459159.4184682369,459159.22089636326,459159.2201792002,459159.28699404,459159.24270248413,459158.9346051812,459159.41722255945,459159.14642995596,459159.2698484659,459159.16828125715,459159.20611959696]
testLoss: [82339.15496397018,76683.40795612335,72018.0458202362,68430.39123773575,66021.8059668541,64872.52136182785,64513.11189699173,64408.28710651398,64304.5524187088,64328.683723926544,64331.28739833832,64329.18012094498,64347.73437356949,64358.01469564438,64282.46290922165,64325.16078042984,64298.532215595245,64284.77788591385,64364.9048910141,64346.66631937027]