trainLoss: [433025.81998062134,316972.120885849,314230.8634428978,312582.7113710642,310674.3452094197,308450.13533854485,305701.16718173027,302911.45575481653,300531.6559485197,299006.15985774994,298069.16904324293,297321.925272882,296768.92979991436,296314.2290355563,295905.064237833,295512.60816961527,295188.1932399273,294777.34516471624,294494.4745500088,294138.86310112476]
testLoss: [23415.28378416598,23218.47388151288,23716.80749888718,25675.9893553257,22918.056019946933,23165.11162813008,24662.139944940805,23523.455689802766,23642.88405764103,25076.907231211662,24548.50741800666,25332.302788943052,25150.48006655276,23201.940738528967,26732.328052043915,22581.237711697817,24198.215871721506,24013.526659980416,25053.76606296003,25108.146014869213]