trainLoss: [319276.2016941309,318718.2432062626]
testLoss: [68580.33074325323,70487.25994443893]