trainLoss: [975.1743906501858,918.2443940305419,908.5325905347902,903.7873171858994,899.6074598498402,895.687433446618,891.8794154150041,887.8139059173147,883.4531310447114,878.654501504427,873.321946190114,867.3857369697452,860.3201897582918,852.2369164351155,843.1080613738953,836.0650661127285,822.6259185583491,812.8378242060096,796.5669824036787,777.6453866052641]
testLoss: [925.4958725221378,1064.9167182519263,1208.6392835046827,1141.2096362900488,1085.5092388330047,1017.9589951431628,995.9991503499218,985.0733626404989,958.127603457146,966.3194886310813,1081.272751599243,1085.970560700623,1031.4732989281724,1012.0613255746586,1022.0912092838091,1197.7384646504195,1187.5592146313068,1138.3134998574699,1163.9329722935393,1344.5604250013214]