trainLoss: [547321.1034120321,539265.3527766466,536219.2698165178,535147.4727357626,534946.497497201,534929.5334131718,534928.253413558,534928.0497945547,534927.9999051094,534928.0152453184,534927.8711211681,534928.2542271614,534927.8730233908,534928.0849432945,534927.9040557146,534928.0507454872,534927.9369442463,534928.0891982317,534928.1041823626,534928.1138060093]
testLoss: [102324.83610343933,95128.19929599762,89787.15835857391,86703.59314250946,85689.88119792938,85433.27134037018,85288.59769058228,85324.425989151,85276.46573829651,85330.32269477844,85271.88776874542,85253.74401569366,85360.89865493774,85270.77659416199,85240.2016954422,85306.11185264587,85332.64517784119,85310.88659191132,85317.63947200775,85301.05822277069]