trainLoss: [557472.858872056,554885.4607611895,554295.3799247742,550483.2058039904,538554.8627008796,517483.23139458895,493659.8069358468,474782.915838778,460645.69173389673,449638.09064668417,440943.6546174884,434242.4492812753,429161.325740993,425178.3028126359,422020.3095754385,419498.91138643026,417493.5213858485,415877.895249784,414626.2233361602,413431.2459178567]
testLoss: [69614.81541728973,66217.64922189713,64678.65344572067,63727.78257608414,61966.55933713913,61737.591539382935,64326.807574272156,61170.58758735657,60707.45949840546,60073.78188753128,58722.10330438614,60725.34447526932,62140.87595939636,62216.24414348602,59028.18060493469,62154.752301216125,61027.604885578156,60615.308077812195,59347.81132936478,62535.756591796875]