trainLoss: [266500.4072138071,264241.4031151533]
testLoss: [89286.46973323822,83050.18453216553]