trainLoss: [253781.4733377099,218883.06519317627,214215.39625954628,211115.72213214636,208748.4436302483,206696.69697713852,204853.150906682,203128.778241992,201542.9943394065,200044.36753216386,198586.03873300552,197226.35796400905,195926.1535412073,194693.31679743528,193503.47573128343,192411.16203415394,191324.99389001727,190272.71194276214,189251.86646658182,188270.479362458]
testLoss: [76946.60088586807,77528.48433446884,77425.64242506027,76669.23731184006,75488.65192556381,75532.8073759079,72846.7233877182,72700.72998905182,70699.74727153778,72983.01735687256,69138.8473649025,67415.18671226501,67025.21544504166,67419.4061536789,68042.69240379333,66767.66128492355,66013.88811302185,64003.00519275665,66874.26706123352,64909.86183834076]