trainLoss: [554318.7104485631,554313.5345164537,554312.7486090064,554313.0016281605,554312.8926606178,554312.7854428291,554313.0848697424,554313.0603109598,554313.0405484438,554312.8032795787,554312.9522977471,554312.8682780266,554312.9204312563,554312.7378207445,554312.9511939883,554312.979490161,554312.8441246152,554312.8856056333,554313.0879295468,554312.9456927776]
testLoss: [64551.864617824554,64421.21766233444,64347.48017787933,64343.021579265594,64349.88476037979,64374.23175573349,64394.76361370087,64375.58902025223,64370.15163230896,64358.8073182106,64385.66044950485,64340.64917707443,64375.70004463196,64315.23694229126,64361.70130825043,64404.37344646454,64419.879412174225,64359.822751522064,64360.43025112152,64306.55172967911]