trainLoss: [334724.7654735744,241393.9055478871,236823.76615661383,235340.42441561818,234388.73519453406,233701.89419177175,233169.94247087836,232774.756172508,232495.80603328347,232255.55901411176,232064.81051027775,231906.99013912678,231597.0327475071,231458.64778146148,231307.38804754615,231050.96337863803,230814.5612153113,230708.2254435122,230433.04358297586,230218.47890648246]
testLoss: [61518.80609226227,60322.48884785175,59671.0645236969,64193.30032706261,61860.122832894325,62391.49737894535,58133.14817237854,58657.4404361248,62592.97988939285,57084.607154250145,57698.463017463684,59299.16675055027,62331.339804410934,56291.97861742973,59130.183431982994,63076.35126698017,63690.75857067108,60910.76156044006,61471.274931788445,60295.519189953804]