trainLoss: [552082.7852568626,533719.8248949051,507122.20405077934,484237.1276589632,467792.676394701,455833.3545781374,446103.61023032665,437589.8763471842,430605.06460791826,425576.76275217533,421614.3687222004,418426.9233580828,415579.5800295472,413138.59580510855,410766.6209204793,408544.9375754595,406543.5702674389,404667.7369752526,402966.2084285021,401340.62416934967]
testLoss: [68217.31765729189,62491.45040464401,59045.66963070631,56684.23694241047,54931.16595235467,54297.127686709166,52727.672679036856,52204.5619199574,52979.60531157255,52872.997245401144,52485.479186177254,52226.4995996356,54606.72469636798,53330.70643335581,55249.255804896355,53438.19172772765,54639.10754305124,54754.385885715485,54049.64972984791,54420.210549116135]