trainLoss: [314317.882416904,312873.6228067279,311920.62997943163,311281.40180546045,310828.66799622774,310484.81207334995,310211.9254809022,309995.0589929819,309825.6392740607,309692.68342643976,309583.7999662161,309490.0081604719,309410.8312507272,309350.7259580493,309312.07319688797,309293.1804321408,309285.90344661474,309283.26342892647,309283.5027529597,309283.9558222294]
testLoss: [102546.08479261398,99710.3601861,97555.65219926834,95873.94094491005,94482.11847448349,93263.1371293068,92161.56239175797,91179.2807738781,90314.44153285027,89512.6793255806,88733.5060005188,87917.73096084595,87093.14779996872,86287.69739985466,85617.67010331154,85134.02208948135,84877.96936798096,84721.32478690147,84639.43671226501,84597.29693317413]