trainLoss: [895.6404503368501,829.8946813281956,821.8298559338609,814.5914833845972,808.9613437519043,805.1466036527595,801.355822968068,797.3558957654841,793.1386493292036,788.8733087901073,784.2441338396147,778.6370672127869,772.7884379131507,766.2741480086801,760.2894211573314,752.3961902419977,743.8844594619696,732.2618395015786,720.1457034113664,705.0639344772206]
testLoss: [853.562491226442,868.843792664636,848.3401154046206,773.562145051268,758.4293398807959,741.0933554836155,759.1199905356181,766.143550671253,747.872295497619,775.2811519386842,814.4363587320465,833.3247109885068,748.3197620480331,726.5457643848105,782.5228639091413,729.8150511144363,743.8829466755857,848.0989704009183,860.6628025635001,747.6097897776623]