trainLoss: [384910.2404500842,302070.95830467343,298471.61231923103,296343.8091329336,294226.8418985605,292572.7000836134,291052.12576654553,289516.2231321335,288387.25730648637,287098.3655578196,286352.3997170329,285434.0242984593,284777.7015722096,284155.21265518665,283504.4623220861,283010.85399982333,282524.9280715287,281979.86080020666,281439.42487695813,281063.690692544]
testLoss: [63301.321182727814,47569.21588611603,82285.74824237823,53275.25516748428,71936.36295890808,57950.90197277069,55550.90491104126,62469.50165081024,55533.955419540405,54763.27926778793,50689.969141960144,64087.265452861786,49177.655858039856,55008.794942855835,51037.47016000748,60880.988832473755,52723.35558795929,48965.83108997345,57592.076982975006,57672.5497508049]