trainLoss: [460692.9338208437,459675.7512212992,459484.0194762945,459461.53477442265,459459.39684426785,459459.25679814816,459459.26208519936,459459.1352223158,459459.25824666023,459459.1738859415,459459.35155045986,459459.2294713259,459459.3125258684,459459.21676170826,459459.3937834501,459459.1776332855,459458.9668853283,459459.1333001852,459459.0963925123,459459.21526896954]
testLoss: [68919.51674681902,71428.2709415555,72439.61835289001,72751.23670738935,72852.2378217578,72877.53956234455,72880.13774752617,72876.53569990396,72870.10796499252,72922.18183457851,72907.43294608593,72846.22754716873,72873.15182095766,72835.17050790787,72872.94948756695,72854.80701190233,72917.1172118187,72845.2988885045,72935.97403520346,72840.93213158846]