trainLoss: [463.3865466855372,425.46498561475096,419.65035742996616,414.89005441062056,411.98669464127926,409.0746018517621,405.9018923681748,402.417852518981,397.6806891482465,390.8040022343397,382.339952361131,372.7156530303668,363.1596119776557,349.2261070125088,336.64247716167307,326.0540700665003,311.87408689867846,296.694045246119,281.99842719809163,264.2842283295491]
testLoss: [446.2076355617407,407.1747336524517,442.4211150232789,455.24131897715637,429.37422070946803,426.98132006304206,426.3355048804782,512.2196212577265,534.3726020580115,506.03818591389546,551.6501998402351,570.355230501918,637.0490934640862,708.4612433300462,582.3106850253981,813.8607151439023,758.8011857208818,658.9391086420347,765.4916417189809,976.6660298732824]