trainLoss: [443017.98271387815,436486.1314314008,427166.5885030627,414122.73659294844,398587.1857431531,384893.43907153606,373251.1997175813,363324.0365204215,354624.5217731595,347139.79984909296,341022.1271388531,336167.6255595684,332133.5513510704,328875.4063246846,326319.1198504567,324200.68177837133,322424.1326637864,320981.0297499001,319741.13180077076,318670.2060085535]
testLoss: [94686.93711566925,88635.52010154724,86509.8798828125,84092.3016462326,84697.48382854462,83807.88826847076,80745.7307806015,75220.98257350922,79000.83520793915,73710.13025188446,76707.83075809479,75079.8067893982,74383.62749767303,66276.06401538849,65116.00473403931,66799.86654472351,66649.59984970093,66169.57252025604,62786.93524265289,67537.68147850037]