trainLoss: [304835.92567032576,241193.2779470682,210634.86809551716,205447.73034980893,203802.62140250206,202993.47058057785,202444.5115812719,202053.859818466,201691.92026173323,201367.23915418983,201036.04843378067,200772.10731741786,200482.17101597786,200286.25704199076,200112.86434912682,199962.64276716486,199813.23424314708,199676.24527000636,199533.49980582297,199370.4868721068]
testLoss: [87133.23677825928,80910.6357793808,76133.53925037384,71886.46132850647,69085.49367427826,71111.6689491272,69712.00110721588,70969.44256401062,71114.95447158813,69464.86798667908,71385.52099990845,67704.26826000214,68668.94132328033,70123.52112388611,67949.29101657867,69572.46873855591,67138.89956998825,69931.49085235596,68522.96273899078,69136.83101320267]