trainLoss: [498.55119160001095,445.32338078610405,436.570164936055,428.61230203990755,422.56171733977703,419.24825187084764,417.33863090219404,415.7578227077539,414.3278577623841,413.1160086877071]
testLoss: [642.1969386497417,669.6462951609769,656.6594535948075,753.0898676921719,737.1393672714836,712.47264061945,705.8431823162996,707.3407310004701,719.7778086666901,711.2394345273676]