trainLoss: [496.9737557397527,452.43232507432344,444.5765752534957,437.4973005384397,433.68291219419734,430.49428609176806,427.2658852681992,424.915549772788,423.6161528630621,422.0486266918243]
testLoss: [507.80731465098535,493.6011763629588,481.92444064413957,495.30279182195665,484.25893972495743,529.8050605554472,514.1763197381388,523.8943064025179,518.5062071848322,493.4775250604884]