trainLoss: [518.0029806787999,433.2896535343287,431.31775626552025,430.30437652464735,429.4830514732181,428.7127122702583,428.0188567440636,427.371110607733,426.729694945528,426.12600689779055]
testLoss: [691.6043933307486,661.0779883723173,705.6990765513054,688.5705229903971,641.7982653392213,637.9087745331228,662.1432039978249,683.7173601269722,691.7572452483432,697.3821941108575]