trainLoss: [528.1196100684873,435.59462188239746,433.3496250319988,431.99243649840355,430.99466804232685,430.11535444118556,429.32341319251253,428.5635390559885,427.84516905287796,427.2229970501775]
testLoss: [373.1282818998443,415.58412560785655,424.29392163513694,426.83752157061826,429.4226202396676,434.2643958266126,440.6424812785117,444.841851307312,444.4158039831091,440.7348127561854]