trainLoss: [452.0316964391841,419.9751690282727,413.56773870145247,408.94747081513435,405.4892244491751,402.08336463231126,398.58644046937394,394.53133935119143,390.09526007968856,385.32355756574117]
testLoss: [615.1930929619497,612.5160025437985,647.1095479764338,653.1685896755204,642.6789712408396,656.4310589568821,665.2883334676112,685.7046518377432,709.5445560423408,736.4733662229823]