trainLoss: [432.3806929186462,398.227538071335,390.6001394730299,385.72441306416977,383.01918357896045,379.93177878103677,377.6401202276825,375.9721907397851,374.37678052508767,372.94560801760946]
testLoss: [323.40707412036136,331.38880296691786,289.8735595322214,300.5913040237501,350.5894789004233,360.5291821057908,363.8071969950106,362.01877975557,357.0380706295837,351.8813778986223]