trainLoss: [452.7777415519541,421.3472017875694,414.43726435042123,410.1163719745868,406.57495541941927,403.46634996722037,400.10352878866996,396.4201036757453,392.4975361529183,388.4674788692055]
testLoss: [406.7919914582744,421.4296740000136,423.4878404275514,430.9872209324967,430.35232343687676,434.6659497679211,448.4986277814023,459.1701197650982,467.520375412656,472.7953041802393]