trainLoss: [450.55406133359986,419.65083328995263,412.7705346421584,408.0928046340613,404.7511236144916,401.4673121426451,397.86278691766296,393.9567766760917,389.7354462009512,385.3209695976816]
testLoss: [623.772490807875,598.9570552199845,564.009044545842,583.7353442240887,581.2541369049568,596.8672534846884,614.836757582473,635.3338507648529,657.201361740668,665.7149538716932]