trainLoss: [500.9867465466643,432.42446435487426,426.98577008820496,423.645121384584,421.90538036349494,420.5508904978251,419.41875918973716,418.5919408345452,417.9764150355871,417.46443844284767]
testLoss: [694.5378673488332,708.5541695635958,717.7850092947483,716.6573274727027,693.280490160142,671.14259568502,664.1468858964664,671.5629895056031,686.9627675062295,693.2987346686039]