trainLoss: [430.68701691752983,396.6684021736054,390.74686636446336,384.5056057740199,379.81573717558854,376.4470939363304,374.52349176214716,372.963933447121,371.7769127152076,370.71818465763016]
testLoss: [518.1970495412669,489.5428164207091,422.20844512638143,397.9844759505565,388.82174247033953,396.5518859554463,455.42678162807556,453.57830814301497,443.994549378166,439.66204228598303]