trainLoss: [417.4771490469575,377.42568748365056,371.84009310515955,367.66709835423114,363.47556393712443,359.40921163669924,355.2979119557967,350.94978440830363,346.1447178400419,341.1030448958912]
testLoss: [320.36966850981116,338.47147662809584,339.065359535045,346.02419296919834,345.51496130251326,346.41896123520564,346.11027195339557,352.7114861556329,364.87171768955886,377.5698465179885]