trainLoss: [525.0144804781105,435.7704494288786,433.7832121375869,432.5180666055134,431.59986561734945,430.76134686053115,429.9801950409533,429.2537473729475,428.56095148226683,427.91580885878585]
testLoss: [555.9942207366031,615.8401157376387,640.4073015674455,648.6841605143832,654.8907838183522,662.7973318565761,672.1445288121306,676.0297101811068,677.5551681948814,682.5533283348905]