trainLoss: [506.85040613040326,431.78852966980713,429.9716014802064,428.9801649846137,428.11231014195243,427.3283555215519,426.57641010727536,425.8526115554336,425.17525369924937,424.5579188009234]
testLoss: [840.9734502184467,850.8610526851545,815.5692509528106,770.339426845933,748.282224536754,740.5790877788543,741.2580137143198,737.9393394824045,734.3453732050525,730.8355071437306]