trainLoss: [504.1855078079599,432.8564482573816,426.4343662050335,422.12383671358543,419.0808994465686,417.4910885184369,416.4579705961366,415.6196149295949,414.8264345522732,414.0826359457792]
testLoss: [598.0408623589585,626.925653476194,611.0132121088488,628.9067149316238,657.4375106412053,653.3358673504646,650.3369567923198,645.1541995512729,644.0886669695772,639.9139577612182]