trainLoss: [532.340358640816,441.54097302599456,436.06927670414086,432.9988164248845,430.8075871299829,428.9355444516567,427.1463068328946,425.7714262173665,423.7975073365186,422.52488377473213]
testLoss: [644.5213729396462,626.476711251906,664.1156261156713,650.1065249405801,644.4982303337327,678.8338225079434,662.9004095306354,645.5532054103911,656.1945043966174,627.4763350113162]