trainLoss: [644.9333180592944,455.00681812802685,444.9223675270349,436.31302442487504,432.29988910993995,427.4957572605831,424.26497520942564,422.7413950814317,421.60187007011166,420.7117754200042]
testLoss: [824.0600090139494,795.3312592187266,746.3207171423229,705.1282173770619,713.1864655459021,678.9446309687585,672.5232994767624,669.587643102398,667.9619100183014,689.5111806885463]