trainLoss: [453.04988039467247,422.73643617442946,415.40550431751825,410.5332283372892,407.08323592629205,403.7879223668195,400.373517613858,396.4481252566614,392.3624411102464,387.9987245767199]
testLoss: [644.7198943104966,663.4955308342611,666.3019014296942,683.462607408991,686.774323262521,703.4112292449206,733.0048794533243,744.3145686103808,758.6843719920575,768.4264968661283]