trainLoss: [469.36665825875184,390.76347984146133,383.9623410676263,380.6056699560269,377.8749101549779,375.84578238035505,374.4028231527068,373.245077922705,372.1815450575791,371.3669138338221]
testLoss: [686.7770176908144,596.2237414901073,601.0038093105436,595.1889304947586,576.7565590878232,576.0077444388746,586.990822504991,585.9313520389394,587.8318393287869,589.5145167136588]