trainLoss: [711.3686268315354,500.6905964380725,434.0652649502488,428.9703279998391,426.55847376814864,424.57478711238883,422.96511844450487,421.83912335629475,421.06709757724656,420.30311509380317]
testLoss: [672.0955390054733,394.0917202257551,374.28214763011783,395.6940629784949,407.08592461934313,412.3362163475249,409.434167136671,400.6503234573174,381.19264700752683,357.11087869131006]