trainLoss: [428.3202619725544,396.7059992787477,390.766065329078,383.06689407868606,376.0129259804362,373.09899976124103,371.13959818007913,369.68655582740905,368.3014305181017,367.2404021699178]
testLoss: [709.2884700309771,626.7961185310895,605.2701959930934,648.0688405701748,631.5327815019931,633.0162847248407,621.6824571375663,603.0895649096332,610.7586018176129,594.5630217600518]