trainLoss: [413.88468792140486,373.94281899787876,368.67024706739346,364.64481450856516,360.69729836438046,356.58176029532365,352.21452811270166,347.68214900305395,342.6042948805972,337.3613110405834]
testLoss: [407.1024999965833,402.7310948430553,406.7785468613069,405.97615541881464,389.34653243657175,394.9987494783608,402.841618723522,408.32692964105155,414.1149905403768,416.13158384786817]