trainLoss: [417.59826497064523,375.982609035124,370.37400166723904,366.38209237953686,362.5472736360616,358.6788802392041,354.7762188105788,350.7462510125132,346.37140217964225,341.5943038302147]
testLoss: [466.9021786495926,438.14298980278295,459.9613426306586,468.4628710357223,444.5737769620156,460.1386817850935,464.46442582827854,459.72532339546626,467.36606425985576,494.8165483010097]