trainLoss: [480.23126477332494,400.3780617436296,388.8267134684089,384.3361678312876,380.08195774202284,376.8190931794675,374.6783065751195,373.4272221178601,372.4864773531101,371.8108266962594]
testLoss: [538.484841614727,414.567967787033,397.5010971497363,393.58378502867356,387.27111404242476,379.73851674889016,383.5249369871898,381.50315860383154,380.9075447041688,381.5136274132203]