trainLoss: [455.45980820397665,423.52913125404126,417.44232676036796,413.595728746645,410.40219916705115,407.39182443436545,404.3103672453552,400.78500188733364,396.9456734756755,393.03634724928315]
testLoss: [357.90098517848685,364.16134169345554,373.36389263732866,381.1024902456186,391.8176864339547,407.0086078543555,417.80607764815744,427.8337894032625,443.2273404458707,456.45721825537356]