trainLoss: [472.50755907555526,403.7164630123434,398.9224775203682,388.3022096714282,382.8466463354515,380.3916644596673,378.5346618885214,377.0988608664496,375.824357681769,374.61092244516664]
testLoss: [293.9320582310902,269.3873928019311,269.4632809374016,353.472102080239,360.9496910800226,360.40315357758664,357.997630371945,357.8093940350227,353.6729383356869,352.3810165892355]