trainLoss: [710.9791978561195,710.9695008563388,710.9674638631237,710.9666139713518,710.965584504984,710.9652481657685,710.9646047525346,710.9646869332927,710.9649355138183,710.9636653072515]
testLoss: [658.700661980564,660.5472208402374,661.2927132335576,661.6535704092546,662.0391723979603,662.2718078158118,662.4007171175697,662.5593652351336,662.6664135754108,662.780644060265]